100
2 2 2
2 1 3
4 4 1
3 2 3
8 4 4
11 11 11
6 12 12
5 6 10
17 4 5
2 3 3
3 1 3
7 2 7
20 10 16
18 15 18
5 15 2
3 4 4
5 2 20
5 2 10
12 12 2
5 10 7
6 9 2
10 10 10
8 16 6
5 10 4
7 1 7
6 4 20
6 18 1
2 4 4
10 15 5
5 15 3
6 20 20
4 4 4
5 4 15
5 10 5
6 10 3
13 16 10
5 20 5
5 10 10
4 4 3
6 6 6
7 14 5
5 4 4
9 9 9
7 5 7
4 3 3
5 20 1
20 17 14
6 4 9
6 3 20
10 10 1
2 4 1
5 7 7
6 5 5
3 2 2
7 4 7
6 6 3
20 20 20
1 1 1
18 9 12
4 3 2
19 19 19
8 10 11
5 3 10
7 14 4
7 14 20
6 6 5
5 3 20
6 3 8
5 3 5
18 12 15
5 2 5
19 19 1
6 4 6
5 5 5
8 7 1
8 8 8
10 5 20
5 20 20
2 1 1
18 6 9
2 1 4
18 3 6
5 5 6
5 5 1
16 8 8
3 3 4
5 20 4
7 6 7
14 7 8
6 18 18
15 10 9
5 4 5
5 5 3
7 3 7
5 3 8
7 7 7
4 2 4
4 1 4
19 19 10
6 3 4
