100
1 1
540 600
840 900
2 0
900 1260
180 540
1 1
1439 1440
0 1
2 2
0 1
1439 1440
1438 1439
1 2
3 4
0 10
1420 1440
90 100
550 600
900 950
100 150
1050 1400
81 17
1091 1101
816 827
417 420
1207 1209
1062 1063
153 154
366 368
494 504
926 936
1244 1248
702 724
973 977
93 103
115 125
89 91
248 262
1124 1141
504 522
1174 1176
323 337
575 588
1248 1253
1394 1402
114 115
1176 1185
682 693
794 806
262 275
1061 1062
404 414
1198 1203
414 417
1101 1106
693 698
147 153
588 642
154 158
731 732
137 147
276 287
893 909
1106 1108
237 248
909 926
234 237
368 386
882 891
994 999
1087 1088
522 526
700 702
569 575
426 446
806 810
1425 1440
732 733
810 813
287 291
827 864
275 276
724 731
977 979
1379 1386
541 546
655 657
79 82
936 947
1253 1260
1049 1055
867 872
1209 1222
1357 1360
526 530
39 48
158 160
891 893
999 1022
788 794
33 39
1055 1056
1347 1357
650 655
1271 1274
125 128
1274 1297
1043 1049
106 114
1318 1345
228 229
1063 1068
698 700
1222 1244
947 949
19 33
1068 1073
1038 1041
1114 1124
1141 1162
48 79
420 421
501 502
1416 1423
1083 1086
1017 1023
649 650
455 461
1354 1363
663 670
1291 1297
932 938
104 110
149 156
292 294
1203 1208
1398 1410
755 756
354 362
110 113
101 102
1375 1376
130 131
609 615
1101 1107
493 494
251 262
743 745
226 230
300 301
858 869
301 303
1345 1346
1100 1101
723 724
362 363
148 149
535 542
944 947
635 638
1189 1197
506 508
719 723
745 747
373 379
938 944
1250 1253
1429 1431
578 581
190 191
288 292
392 399
449 453
1016 1017
687 696
138 145
753 755
1147 1152
135 138
1261 1263
991 1004
696 703
736 740
973 979
960 967
453 455
1208 1218
919 927
399 402
1306 1310
1434 1438
670 673
1279 1282
1299 1302
1158 1176
715 717
265 266
410 416
1156 1158
379 385
927 928
592 603
1023 1024
958 960
623 625
615 623
524 527
1310 1334
551 554
365 373
567 577
1334 1345
435 439
820 825
8 13
983 991
36 41
724 727
547 551
1259 1261
52 53
908 913
825 829
1253 1254
479 492
242 243
18 21
1120 1122
53 64
1092 1094
25 33
1200 1203
971 973
266 268
717 719
434 435
1124 1126
156 165
740 743
389 392
625 627
165 172
852 855
768 790
147 148
885 889
913 919
500 501
55 9
446 461
1267 1274
101 106
376 379
1039 1042
973 982
1308 1311
179 187
394 395
201 220
982 990
748 749
404 406
71 75
1327 1347
690 709
966 973
136 140
363 373
75 76
187 188
140 144
897 899
397 402
468 487
1046 1056
1249 1255
1132 1137
709 725
49 64
241 249
76 81
852 853
735 741
668 680
444 446
909 928
1072 1083
558 569
631 633
947 953
818 840
349 350
462 468
1083 1088
1157 1158
4 8
461 462
82 101
1105 1119
272 275
1233 1246
773 777
503 504
519 530
638 652
807 808
725 732
373 375
1278 1281
490 495
81 82
406 421
1434 1440
77 10
257 266
730 738
266 271
544 554
738 739
424 426
1084 1113
858 860
961 963
126 130
1340 1345
361 371
98 99
359 361
640 651
400 407
422 424
1113 1114
1121 1134
611 615
1375 1381
1135 1140
428 447
889 893
1144 1148
271 278
184 187
1305 1311
347 350
744 745
1289 1303
426 428
828 829
1006 1009
341 347
155 158
1075 1083
1071 1073
298 299
498 504
910 913
110 114
1009 1010
306 312
230 238
1149 1150
1339 1340
179 184
610 611
1374 1375
843 848
1140 1142
31 37
727 730
527 531
979 999
757 782
1042 1067
158 163
1234 1239
447 453
841 843
291 298
99 102
972 979
655 659
1193 1195
278 279
1350 1362
829 831
999 1003
895 902
510 514
1407 1431
541 544
893 895
1150 1158
534 541
1327 1335
473 498
554 555
902 910
555 575
470 473
860 867
803 828
1114 1121
61 43
627 630
999 1003
745 749
190 192
988 990
961 967
214 220
695 697
1269 1273
589 599
75 77
27 41
814 815
1202 1205
61 62
78 88
163 164
1241 1242
625 627
422 424
1298 1308
514 515
290 293
431 435
697 700
1266 1267
1077 1081
1410 1415
515 517
821 822
260 271
586 587
834 836
789 792
1351 1353
1341 1349
297 299
854 855
849 852
484 487
1283 1298
639 645
711 714
1364 1367
1036 1037
164 168
511 514
333 336
1017 1023
939 943
125 129
708 711
200 208
885 890
508 511
523 524
891 893
1356 1357
749 753
259 260
208 209
802 814
1340 1341
47 49
995 997
571 573
838 841
630 639
88 91
742 745
658 664
196 199
253 254
50 61
969 982
579 581
822 831
535 562
797 802
1262 1266
1065 1067
855 858
1047 1056
728 730
753 755
77 78
1207 1208
573 574
1357 1364
392 398
783 787
1242 1245
852 854
375 392
312 314
761 772
858 865
982 986
1092 1093
1029 1032
111 113
772 780
1006 1009
924 929
99 20
714 729
390 393
1148 1155
359 371
868 871
1108 1113
1026 1031
1043 1050
1300 1312
19 23
1050 1051
168 176
393 397
1000 1005
565 569
89 90
1225 1227
841 843
972 974
610 613
618 619
1404 1406
804 805
805 814
828 832
681 685
1336 1338
1200 1208
496 504
504 505
982 987
225 227
62 68
1330 1333
1231 1241
1248 1250
630 631
650 652
1346 1349
523 528
992 997
798 804
631 642
1170 1175
1134 1141
209 211
974 978
467 468
1241 1245
6 7
1062 1073
1333 1336
150 155
966 970
196 200
1350 1367
90 97
1190 1200
487 490
23 24
978 980
1018 1022
485 487
1349 1350
235 236
546 563
1175 1180
1388 1392
1115 1117
876 885
490 492
189 195
592 608
231 234
160 168
492 496
1272 1278
346 352
211 225
970 972
255 273
713 714
760 769
843 847
283 286
675 677
885 893
1260 1265
134 138
1005 1007
17 19
774 781
685 686
1051 1058
1208 1210
1106 1108
176 178
382 383
944 950
1375 1376
1265 1270
819 824
286 297
1031 1041
1376 1379
563 565
569 571
87 89
86 87
145 149
1182 1187
1012 1018
1367 1375
1220 1225
997 1000
333 335
923 939
848 850
1076 1085
0 2
179 539
540 900
20 8
364 401
1439 1440
723 736
422 429
971 983
616 650
650 723
1368 1413
1433 1439
17 104
920 946
403 412
401 403
1413 1433
545 616
888 920
1166 1190
236 261
412 422
736 843
429 441
449 466
1190 1257
226 236
169 226
1257 1368
843 888
946 971
42 46
257 258
547 548
1047 1051
1140 1151
96 98
889 894
417 420
689 697
767 775
1323 1333
968 978
580 584
1128 1130
1269 1273
1076 1083
95 96
679 682
625 638
987 989
1040 1043
907 910
270 275
315 317
234 237
275 279
456 460
682 687
1208 1210
1412 1413
413 417
726 729
1131 1140
539 545
184 186
545 547
41 47
1066 1075
29 37
1380 1391
1409 1412
74 77
317 344
1211 1212
1400 1402
144 145
1201 1202
288 289
1433 1434
472 484
572 574
751 760
253 257
557 559
867 869
237 238
522 525
936 939
1045 1046
420 428
552 556
1236 1238
999 1001
385 387
564 572
264 270
760 764
659 666
1115 1123
1046 1047
355 365
990 992
231 234
1181 1187
181 184
164 169
1402 1409
1101 1109
577 580
563 564
387 390
1083 1089
1370 1380
801 807
615 621
1347 1351
1199 1201
93 95
1196 1199
100 100
1372 1393
563 577
161 182
496 500
247 255
500 501
1037 1038
1121 1129
920 926
381 389
1439 1440
1241 1248
1025 1030
31 46
1217 1226
417 423
402 409
74 75
926 927
159 160
1057 1062
1406 1407
488 496
866 870
691 694
395 396
332 336
676 681
437 442
380 381
117 121
766 767
347 355
746 755
871 872
1069 1088
1418 1419
1324 1338
1129 1136
1238 1241
1114 1115
1248 1253
1399 1400
805 806
291 301
1024 1025
1407 1418
917 920
1362 1363
22 27
883 910
915 917
1148 1153
66 74
96 109
1038 1055
430 434
409 416
1268 1270
355 362
1030 1037
1062 1069
115 117
1105 1114
507 515
426 427
853 866
1433 1439
1423 1433
804 805
1286 1289
709 717
795 802
876 878
6 16
227 232
758 766
110 115
719 728
89 96
927 942
127 154
27 30
461 463
429 430
731 734
681 691
880 882
815 816
957 966
56 60
532 533
396 398
261 273
389 395
656 674
434 437
601 605
362 374
1338 1340
1397 1399
379 380
374 379
1301 1304
600 601
1231 1233
1259 1268
1142 1148
527 532
614 621
755 758
533 563
816 826
838 840
255 261
810 815
1155 1165
121 127
1359 1362
275 288
325 329
208 215
64 66
109 110
1256 1259
1304 1317
203 208
501 507
75 78
840 848
1300 1301
1233 1238
631 643
833 838
993 995
1340 1354
470 472
882 883
232 233
240 246
324 325
609 614
1226 1231
1270 1284
4 6
870 871
728 731
971 993
910 915
592 600
524 527
246 247
806 809
606 609
234 236
60 64
1208 1217
1091 1094
301 302
626 631
995 1015
1419 1423
288 291
655 656
643 646
463 470
442 461
88 89
1363 1372
767 775
872 876
1253 1256
802 804
586 592
942 951
966 971
646 655
475 479
809 810
1317 1324
323 324
160 161
3 4
30 31
1284 1286
398 402
786 795
302 318
472 475
16 17
485 488
1185 1191
1137 1142
1136 1137
621 626
416 417
955 957
1153 1155
848 853
515 519
21 18
441 461
911 927
1385 1413
961 1033
720 747
1282 1308
121 169
1033 1035
747 753
549 564
528 536
564 579
109 121
631 644
659 661
1204 1206
379 386
809 829
902 911
1191 1204
1164 1173
386 437
652 659
487 504
440 441
45 57
1035 1071
68 83
536 542
713 720
787 789
1112 1164
789 807
661 681
170 185
361 373
681 713
829 833
169 170
2 0
0 1
1439 1440
100 100
18 19
96 97
146 147
40 41
168 169
76 77
38 39
48 49
110 111
170 171
198 199
114 115
112 113
50 51
158 159
6 7
14 15
84 85
162 163
92 93
156 157
188 189
192 193
122 123
172 173
124 125
194 195
182 183
128 129
136 137
98 99
180 181
160 161
66 67
118 119
16 17
150 151
46 47
154 155
24 25
32 33
106 107
0 1
64 65
42 43
60 61
178 179
100 101
72 73
12 13
58 59
126 127
34 35
116 117
190 191
104 105
62 63
28 29
196 197
186 187
56 57
4 5
164 165
54 55
102 103
10 11
74 75
140 141
94 95
138 139
22 23
30 31
68 69
44 45
144 145
20 21
36 37
152 153
52 53
70 71
166 167
142 143
88 89
120 121
90 91
108 109
86 87
130 131
78 79
82 83
174 175
148 149
184 185
132 133
80 81
26 27
134 135
2 3
176 177
8 9
344 345
392 393
264 265
376 377
342 343
238 239
382 383
290 291
364 365
220 221
368 369
224 225
284 285
326 327
332 333
206 207
252 253
330 331
310 311
390 391
380 381
308 309
246 247
208 209
366 367
370 371
324 325
338 339
296 297
254 255
236 237
374 375
218 219
378 379
226 227
258 259
386 387
216 217
202 203
322 323
320 321
234 235
360 361
318 319
304 305
214 215
356 357
292 293
302 303
250 251
334 335
314 315
294 295
286 287
346 347
262 263
350 351
384 385
340 341
388 389
398 399
270 271
228 229
244 245
328 329
298 299
200 201
222 223
316 317
306 307
260 261
266 267
354 355
210 211
282 283
358 359
394 395
362 363
300 301
248 249
276 277
372 373
396 397
232 233
274 275
348 349
336 337
352 353
256 257
312 313
230 231
272 273
278 279
268 269
204 205
240 241
280 281
242 243
288 289
212 213
47 65
695 708
29 35
761 765
794 796
548 550
651 655
236 247
1115 1126
1275 1300
733 756
1387 1390
860 863
879 880
983 986
1017 1020
600 609
550 551
1179 1197
342 356
1144 1155
1097 1103
970 977
769 783
670 682
147 153
645 647
203 205
911 912
759 761
170 172
948 962
617 628
912 915
808 821
1314 1326
1155 1158
863 872
856 860
486 490
155 170
205 218
1205 1235
612 617
881 902
1079 1081
1085 1097
427 454
1158 1179
275 284
318 322
1327 1346
765 769
360 369
1028 1031
708 712
515 516
682 690
1346 1350
519 522
1071 1079
516 518
559 592
322 326
659 670
934 944
1031 1035
1136 1143
1300 1311
196 203
1015 1017
537 540
1023 1028
1425 1433
179 196
1063 1071
1416 1421
1311 1314
509 511
483 486
962 970
131 146
644 645
9 10
1242 1248
247 253
609 612
650 651
1001 1015
1351 1353
551 556
1390 1391
1392 1405
518 519
496 503
378 387
1248 1250
1235 1239
657 659
473 483
873 879
1035 1063
1391 1392
313 315
1020 1023
647 650
691 692
1350 1351
369 378
690 691
986 990
1257 1263
556 559
4 38
1366 1379
827 830
2 9
76 86
1096 1105
370 390
9 37
1052 1054
1034 1048
437 444
861 871
1218 1264
132 133
535 566
1264 1266
1113 1119
1134 1139
889 895
571 576
1427 1440
1092 1096
967 974
146 155
1048 1052
720 721
960 964
401 437
155 160
858 861
576 585
1266 1272
1119 1121
833 834
133 140
390 391
468 535
1307 1330
901 909
1344 1347
1332 1338
269 279
626 637
9 72
932 935
1164 1165
1028 1070
1370 1375
354 355
222 229
233 236
160 161
1430 1438
379 380
125 129
5 7
359 367
122 125
1394 1398
1308 1316
1192 1197
1438 1440
51 54
321 339
1286 1288
1416 1425
98 115
355 359
809 814
542 544
956 963
943 945
822 844
215 222
1229 1241
200 205
458 460
45 51
78 79
856 863
162 165
339 340
1001 1011
1105 1106
1130 1131
1082 1096
1198 1201
711 714
406 407
606 607
1222 1223
285 294
908 921
734 762
367 373
864 885
885 886
167 168
73 74
675 680
1169 1177
1079 1082
690 694
1217 1222
607 611
54 73
294 298
1223 1228
950 953
1096 1103
155 160
36 38
373 377
1107 1111
1077 1079
844 853
1121 1124
802 805
814 820
488 490
1402 1403
971 975
1140 1146
1375 1379
762 765
82 87
1072 1073
979 997
1152 1155
1232 1242
244 247
1297 1303
850 852
270 272
881 882
312 314
139 146
85 86
883 884
1338 1343
936 938
663 673
591 592
924 936
809 811
167 169
1189 1190
1217 1228
744 751
1328 1329
1011 1018
176 186
406 436
1115 1119
194 208
193 194
1038 1042
518 520
827 832
554 560
353 362
1351 1353
264 268
42 49
191 193
296 298
148 151
662 663
469 480
852 853
40 42
366 385
1171 1189
1331 1338
97 124
697 698
95 97
897 899
222 224
1196 1199
1329 1331
1383 1397
1321 1324
832 835
899 907
332 337
398 403
385 389
625 634
320 322
938 939
716 727
811 813
562 563
960 964
1296 1297
1269 1272
78 85
241 244
623 624
1150 1152
4 8
1378 1383
1143 1146
1409 1417
863 864
1272 1296
1043 1070
1003 1011
8 23
1204 1211
1307 1314
1018 1022
124 129
1119 1121
835 847
497 506
362 366
1347 1351
32 36
1158 1165
280 283
522 533
507 518
1303 1307
853 861
263 264
272 280
1228 1232
1199 1204
64 68
1090 1103
208 210
329 332
54 64
868 877
169 175
1421 1438
737 741
1082 1090
907 914
449 469
1103 1105
676 677
698 712
221 222
1165 1171
302 312
520 522
90 94
545 554
1147 1150
1191 1196
298 302
38 40
1314 1321
847 850
436 447
970 974
785 790
337 342
1211 1216
533 534
1155 1158
1243 1247
592 608
2 4
1438 1440
350 353
1002 1003
1125 1140
922 924
939 953
1265 1267
1257 1265
247 263
1042 1043
560 562
480 482
155 167
587 589
213 221
534 542
1105 1113
186 191
584 585
23 32
1417 1419
325 329
1353 1362
1324 1326
1190 1191
1242 1243
611 623
268 270
39 8
233 237
1249 1269
1056 1078
191 215
1354 1356
414 428
866 871
581 607
228 233
170 181
1197 1214
92 104
1328 1354
108 113
460 474
42 92
739 741
477 581
181 187
287 290
1007 1012
1362 1363
131 138
1277 1278
1356 1362
161 170
1398 1406
428 457
1363 1379
457 460
1177 1197
104 108
340 394
1269 1277
988 1007
830 835
871 892
250 273
394 414
474 477
954 988
701 716
1319 1328
187 191
290 295
1290 1304
726 732
71 80
1059 1061
417 420
744 752
1369 1370
1131 1132
1043 1044
1325 1327
1134 1136
509 510
197 198
1305 1310
1262 1272
1312 1316
792 802
1137 1139
1196 1202
1299 1301
1398 1400
1431 1439
341 342
365 370
1124 1125
913 915
571 576
9 11
328 333
1350 1359
1370 1374
542 543
451 454
202 203
238 259
460 466
260 264
211 219
712 726
342 343
466 469
959 964
1301 1305
1183 1188
412 415
576 579
1205 1210
932 933
765 769
274 282
497 504
1070 1071
41 46
68 73
456 460
166 168
903 910
1051 1052
1110 1111
400 408
306 310
152 155
357 362
297 298
1409 1431
568 569
1389 1393
1106 1109
1136 1137
265 274
168 175
897 903
1041 1043
621 625
1359 1360
38 41
1050 1051
755 758
420 428
1253 1255
1374 1375
1139 1153
968 970
776 778
1439 1440
1021 1039
50 53
295 297
1318 1325
628 642
1385 1389
1333 1334
616 621
832 841
1393 1397
133 134
625 627
1010 1011
1298 1299
441 444
706 711
469 476
759 765
294 295
397 400
105 106
370 371
599 601
1109 1110
343 357
726 731
1260 1262
1008 1010
179 186
186 192
531 539
322 326
1375 1376
598 599
820 826
967 968
282 283
1132 1134
203 208
610 616
627 628
1381 1383
525 531
731 733
1165 1166
141 145
126 129
1017 1021
1188 1192
681 687
1175 1180
642 651
192 197
449 451
861 870
428 433
980 990
1228 1229
444 445
392 393
160 161
896 897
479 485
653 655
374 377
594 598
135 141
910 913
540 542
0 2
1080 1440
0 360
2 0
1080 1430
10 360
80 20
598 600
1007 1009
1209 1210
213 217
992 1002
679 693
1265 1271
332 333
278 279
570 584
271 278
757 761
1363 1365
233 236
731 736
1244 1245
1348 1349
387 389
504 506
746 750
447 448
180 182
839 842
103 108
384 387
500 504
702 708
1157 1158
937 942
1419 1422
86 94
217 219
114 118
584 588
676 678
1215 1219
389 395
1156 1157
1231 1244
302 304
96 97
44 45
982 983
1316 1317
304 308
1365 1367
1009 1010
129 143
268 271
250 266
1100 1106
219 221
1175 1176
784 790
929 933
1025 1029
693 697
745 746
589 597
1047 1051
650 659
642 643
1331 1332
933 937
805 807
118 129
173 175
597 598
143 148
791 794
358 369
1160 1161
319 320
189 205
395 402
293 298
23 24
1171 1172
175 177
1328 1331
530 538
26 38
159 173
1183 1185
913 928
15 18
72 86
1002 1004
750 751
182 186
755 757
983 984
974 979
1264 1265
1017 1025
751 754
1133 1134
378 384
308 313
416 421
94 91
182 184
866 871
260 270
369 371
775 777
1076 1077
402 403
1210 1212
1166 1170
525 528
928 947
1068 1073
807 816
375 378
1151 1153
1140 1141
1001 1007
1085 1094
1318 1338
1143 1147
722 734
1183 1188
1094 1097
1007 1009
752 753
836 839
777 782
206 217
1055 1056
10 15
1338 1350
529 532
1035 1038
314 317
658 661
271 294
1188 1191
1207 1210
1205 1207
512 524
629 636
326 328
424 426
30 36
1165 1166
1430 1439
605 612
426 428
711 716
765 766
696 697
179 180
59 61
975 978
586 597
871 875
354 366
302 312
85 99
103 111
1177 1179
1173 1176
549 551
1216 1217
1289 1304
408 411
116 117
67 68
16 18
270 271
677 687
378 385
180 182
694 696
440 441
1117 1121
880 885
69 80
146 152
152 155
1135 1140
80 85
751 752
911 912
979 986
490 493
1060 1063
1368 1369
1408 1411
401 402
617 619
117 118
1141 1143
217 218
20 22
766 773
1287 1288
1401 1404
774 775
787 797
965 966
441 469
1153 1154
544 549
602 605
773 774
759 760
1265 1266
816 825
1392 1397
1240 1250
597 602
739 744
1305 1306
1260 1265
43 45
1191 1195
400 401
1084 1085
1053 1055
221 224
205 206
191 205
385 393
58 59
99 100
839 841
366 368
295 296
471 472
472 476
1311 1318
966 975
138 146
246 253
428 434
129 131
1105 1114
312 314
42 43
1125 1135
1310 1311
619 621
875 879
1212 1216
36 40
612 616
1102 1105
233 245
702 707
716 721
40 41
296 302
639 642
470 471
1404 1408
834 836
1057 1060
411 412
1365 1366
879 880
1250 1260
1221 1240
841 848
947 962
1397 1400
1350 1353
1306 1310
669 677
155 168
1017 1018
1439 1440
493 495
668 669
1366 1368
476 482
18 20
1288 1289
345 354
1052 1053
1195 1205
648 650
1019 1029
964 965
317 319
96 18
1248 1250
103 106
931 941
1402 1406
1260 1277
725 726
1225 1239
256 263
1223 1225
488 491
664 677
733 736
581 595
1327 1336
1318 1322
95 96
595 596
1309 1312
865 868
434 435
1406 1417
263 266
963 978
677 680
947 963
1121 1123
1305 1308
446 447
370 384
1047 1060
548 560
543 548
700 708
1280 1281
882 887
161 167
509 518
1368 1376
476 488
1111 1119
460 465
566 567
408 430
199 203
88 94
182 187
1336 1338
710 718
791 802
561 566
941 944
303 305
106 115
1241 1248
115 119
1284 1291
1338 1340
1312 1318
244 256
743 759
877 882
144 146
314 319
1376 1402
384 400
840 853
1153 1154
887 914
447 456
560 561
491 509
575 581
94 95
1198 1201
119 121
945 947
1028 1047
142 144
465 470
718 725
96 103
342 346
528 539
197 199
759 762
1291 1305
319 329
1219 1222
726 727
1110 1111
274 296
329 333
1140 1144
305 314
121 128
653 661
146 155
1154 1187
1021 1028
570 575
1020 1021
1417 1420
1127 1140
680 684
876 877
57 79
944 945
1308 1309
868 876
616 634
1119 1121
1277 1279
1279 1280
1082 1095
0 100
517 523
1073 1079
1270 1275
1022 1029
868 869
14 17
1045 1047
902 912
42 44
712 720
226 234
1035 1040
181 188
1171 1172
447 454
690 691
701 709
683 687
624 633
163 164
1353 1355
1373 1378
17 20
23 25
636 646
766 767
31 40
1047 1057
476 478
1205 1217
998 1002
728 734
900 902
848 854
978 981
1172 1178
299 300
1306 1317
799 801
926 934
300 302
69 72
313 315
371 376
44 46
210 213
357 358
358 363
1285 1287
608 609
874 876
352 357
949 953
550 554
323 324
1355 1359
193 200
633 636
861 864
1178 1179
7 11
554 558
48 56
46 47
1330 1335
1298 1300
103 108
215 217
523 525
935 944
342 352
21 23
1130 1132
315 316
699 700
324 326
129 131
1317 1327
577 580
278 283
1227 1230
584 587
1303 1306
1428 1430
302 308
1327 1328
846 847
687 688
767 771
784 787
155 163
66 69
1179 1183
1135 1143
1352 1353
1121 1122
1287 1288
175 181
501 510
1029 1035
68 53
1111 1116
762 766
1192 1216
356 357
305 306
908 920
1367 1373
1238 1250
709 710
308 312
536 547
894 895
314 318
719 721
461 470
1264 1267
518 524
170 171
960 976
685 688
1133 1136
1439 1440
194 197
480 490
655 658
440 445
1288 1320
393 398
1118 1119
1336 1348
353 356
623 625
1383 1385
470 476
161 163
920 927
25 36
476 477
88 89
1032 1034
583 589
1360 1361
927 928
840 845
1415 1420
1172 1176
515 516
1085 1093
341 345
378 393
284 289
766 786
411 415
1098 1100
1348 1355
20 25
689 698
742 743
171 174
375 378
1034 1037
627 634
732 733
297 305
312 313
514 515
861 862
664 668
1176 1188
1267 1268
415 430
370 371
743 758
676 685
807 810
123 126
138 144
1065 1066
1064 1065
1078 1083
516 518
989 992
1018 1021
608 609
641 650
547 551
854 861
349 351
180 185
733 736
1030 1031
1273 1274
862 866
1216 1238
731 732
459 460
882 885
163 170
803 804
106 123
490 501
371 375
1421 1424
313 314
662 664
625 627
1274 1282
179 180
225 233
904 907
658 662
759 762
890 894
351 353
511 514
211 212
729 731
1037 1064
253 261
477 480
366 370
2 0
0 360
1079 1429
44 0
687 694
1365 1367
1223 1232
276 287
321 322
375 388
392 397
408 411
1075 1077
103 112
468 473
921 928
1121 1124
1023 1033
538 542
569 573
769 780
440 442
74 77
896 897
328 343
604 614
789 794
635 650
1384 1390
485 511
475 485
974 1006
411 417
302 321
879 892
680 681
419 426
240 243
13 14
928 933
1198 1215
1067 1075
681 687
1184 1198
1049 1050
1410 1413
1118 1121
823 835
0 2
10 360
1080 1440
92 66
1000 1011
455 460
469 471
998 1000
65 71
1094 1097
231 235
173 175
625 632
1329 1335
1099 1119
494 498
417 418
1294 1297
368 369
134 158
1134 1138
175 188
1222 1223
1165 1166
1382 1390
1376 1377
239 241
126 133
581 583
990 995
15 33
763 773
1031 1039
420 424
686 688
76 95
1212 1215
108 125
133 134
1048 1062
72 73
1377 1382
632 636
1238 1249
1097 1099
974 981
1078 1085
58 63
1228 1230
73 76
927 936
1257 1261
543 546
1149 1161
222 231
891 924
835 841
4 15
235 239
867 880
940 956
796 805
859 867
653 660
926 927
410 416
995 998
936 940
773 780
672 677
188 219
677 686
1138 1139
300 305
1223 1228
583 588
588 596
1215 1222
36 46
1396 1398
1039 1048
416 417
1340 1358
476 478
971 974
1398 1399
1394 1396
688 694
1062 1065
612 614
1161 1165
1249 1251
498 504
814 835
1190 1196
956 968
418 420
1230 1231
1166 1171
880 891
504 517
248 269
434 444
1390 1394
924 926
734 740
660 672
1085 1094
1139 1149
305 310
1251 1257
446 452
614 625
805 814
369 410
46 58
219 222
1171 1190
557 562
1074 1078
1021 1025
33 36
478 494
694 723
1231 1238
1196 1212
723 726
636 653
793 796
1065 1069
273 292
1335 1340
546 557
1297 1307
780 793
95 108
158 173
71 72
517 543
596 602
726 734
968 971
241 248
573 581
1399 1405
1323 1329
1011 1021
464 469
63 65
740 763
452 455
1435 1440
841 859
1307 1323
602 612
444 446
310 368
1119 1134
426 434
1027 1031
562 573
460 464
27 85
320 324
843 844
271 272
1405 1406
35 36
477 478
209 223
243 246
620 622
1351 1353
89 94
931 935
14 25
396 402
540 554
670 679
992 995
173 174
575 583
691 692
268 271
788 804
953 957
1107 1108
1027 1034
1427 1428
718 722
653 660
1293 1300
810 811
1085 1088
1176 1178
599 607
1428 1430
841 843
54 56
501 502
536 540
349 355
1166 1176
330 349
1377 1382
36 54
1334 1339
167 170
679 684
1193 1196
961 968
1243 1246
1281 1284
318 320
63 72
692 695
960 961
284 292
378 382
409 411
997 1001
480 487
302 311
1034 1036
1060 1070
972 980
1197 1200
468 469
531 536
1070 1077
364 372
170 171
903 912
869 872
1339 1345
1162 1166
388 392
1277 1279
94 101
313 318
849 850
1043 1046
392 396
838 839
272 273
59 61
106 107
853 854
894 898
175 180
772 776
618 620
898 903
434 438
872 879
229 231
918 930
726 747
208 209
1180 1182
1150 1152
292 302
422 425
363 364
385 388
162 167
811 816
1365 1368
566 575
1218 1222
3 5
917 918
467 468
1178 1180
524 529
38 78
40 49
459 466
452 453
759 763
656 662
527 528
842 848
1028 1032
666 668
1149 1179
1064 1074
1056 1057
341 344
896 897
832 841
899 900
1290 1291
216 219
111 136
1236 1247
540 552
1337 1341
393 394
721 733
1139 1148
1132 1135
963 965
320 321
605 607
1341 1343
1013 1023
897 899
143 145
492 507
887 895
1401 1412
705 706
1076 1089
698 701
49 56
382 390
749 759
184 185
815 817
523 527
736 744
291 296
33 40
1277 1278
701 705
895 896
203 205
819 823
405 426
1217 1222
1130 1132
961 963
552 561
157 162
352 376
1089 1090
854 856
900 907
965 971
639 640
1345 1354
324 338
79 88
466 470
884 887
1090 1097
1325 1337
71 77
1283 1285
321 324
1228 1236
149 152
1032 1039
1291 1296
673 676
32 33
875 884
824 826
1043 1044
453 457
142 143
1270 1277
390 393
858 863
1027 1028
1109 1113
1215 1217
225 228
1394 1401
932 942
482 492
228 233
1374 1378
136 140
252 264
1039 1043
1296 1297
338 341
1057 1064
987 992
77 78
1222 1224
426 431
607 614
1363 1374
1434 1440
152 157
981 987
1355 1363
404 405
264 272
24 96
1348 1351
801 811
724 725
1196 1200
677 678
267 269
1043 1050
186 189
1222 1230
957 958
1230 1233
840 842
560 564
1132 1140
138 146
1281 1282
35 38
921 924
1076 1078
260 267
48 50
799 800
1166 1175
958 966
50 52
248 256
59 63
453 456
339 344
359 360
541 549
576 588
275 278
725 731
528 530
217 220
682 683
518 528
401 406
1009 1013
63 68
789 794
1414 1419
748 755
670 676
1246 1247
57 59
475 476
1396 1397
88 94
826 832
766 767
705 718
1298 1307
274 275
232 234
823 824
347 349
194 198
663 667
377 384
1253 1259
86 88
898 904
1214 1220
612 626
811 823
658 662
290 296
1265 1268
344 347
1029 1031
68 73
667 669
731 734
795 799
1427 1440
1397 1403
1337 1342
603 612
650 657
924 927
52 57
897 898
1115 1116
1163 1166
1075 1076
1268 1271
1419 1423
688 699
1307 1315
335 339
973 974
321 327
239 248
1263 1265
1294 1298
479 485
868 869
974 975
1050 1052
1406 1413
1259 1263
199 202
171 179
29 35
179 180
969 973
639 649
637 639
3 7
676 677
445 451
742 748
554 556
1074 1075
842 843
296 299
1200 1207
756 760
92 73
1126 1128
743 748
676 683
453 463
1433 1440
710 711
313 323
1340 1350
373 378
105 106
1328 1329
814 835
205 209
813 814
1384 1405
1358 1362
1363 1370
792 802
429 443
684 686
1260 1263
12 21
537 542
26 32
1072 1076
1240 1245
1203 1212
754 755
1428 1430
378 380
718 719
1350 1353
411 423
423 425
1423 1428
514 519
1119 1121
1059 1067
735 743
686 687
106 109
156 162
44 45
519 525
480 482
575 577
1077 1086
60 74
577 583
1001 1002
365 366
116 133
1044 1046
719 723
1407 1414
802 812
683 684
1089 1095
1278 1281
1022 1023
533 537
835 841
645 647
752 754
1310 1321
648 665
987 992
362 365
909 922
1225 1239
1152 1169
893 901
665 670
999 1001
10 12
74 105
40 43
1128 1129
956 962
1308 1309
290 294
1076 1077
750 752
1362 1363
343 352
1150 1152
1006 1013
1051 1059
443 453
791 792
1105 1111
304 309
35 40
1048 1051
1188 1189
1239 1240
729 731
881 884
1139 1145
764 766
1321 1328
938 944
109 111
723 729
583 611
1046 1048
1330 1334
562 563
812 813
733 735
886 887
171 173
240 241
1182 1187
162 164
968 974
1414 1416
227 240
611 620
4 9
1254 1259
1259 1260
1111 1119
1416 1423
241 242
1329 1330
463 480
342 343
1432 1433
762 764
944 956
1101 1105
1189 1191
1014 1017
242 243
705 707
366 373
563 575
1430 1432
692 699
1067 1069
525 529
1212 1213
243 253
1275 1278
352 354
309 313
1263 1273
1191 1203
1353 1358
21 23
133 138
267 277
783 791
707 710
935 936
931 935
887 889
647 648
111 116
1086 1089
974 982
889 893
687 692
962 965
100 53
1069 1083
838 839
29 32
305 307
941 944
285 286
1007 1011
871 872
322 325
876 884
558 559
779 800
537 539
839 849
107 108
220 228
1299 1308
626 636
234 237
738 739
913 918
1056 1057
886 888
720 723
63 70
1155 1157
111 115
867 869
765 766
1373 1377
175 177
1330 1331
356 362
459 463
708 710
561 568
1394 1397
342 349
181 182
568 569
1224 1225
813 814
690 695
1104 1110
261 262
1212 1217
187 190
622 623
573 576
600 605
889 902
605 611
70 79
739 741
1398 1399
1364 1365
376 377
79 80
52 53
680 682
749 753
416 417
149 151
195 211
1296 1298
1190 1192
1011 1018
1399 1405
1018 1037
972 977
1274 1277
1405 1407
247 260
281 285
185 187
856 863
723 724
81 88
1192 1194
1063 1065
246 247
490 496
1411 1412
814 822
637 642
884 885
1423 1432
1127 1132
22 29
219 220
922 926
190 195
393 394
243 246
178 180
433 440
1367 1369
1004 1005
94 102
474 479
288 294
286 288
701 708
355 356
526 537
766 767
307 308
511 526
926 930
696 701
110 111
1273 1274
808 810
325 331
420 424
1279 1286
611 612
40 43
1336 1338
767 772
576 592
1201 1210
308 321
543 545
953 955
810 813
1083 1086
1132 1134
869 871
294 300
684 690
1210 1212
473 474
1287 1296
772 777
211 219
724 727
1121 1123
777 778
761 765
754 761
966 967
1228 1232
177 178
449 452
863 867
682 684
1387 1394
716 717
854 856
151 159
653 654
479 481
86 65
689 700
1302 1313
751 760
878 888
16 23
558 559
1146 1153
123 131
353 356
275 277
998 1001
257 275
1269 1287
1181 1184
509 510
1168 1170
728 737
1184 1186
888 896
217 221
15 16
248 250
1186 1188
481 494
897 908
700 705
479 481
1349 1368
1287 1289
648 652
939 941
151 160
1427 1440
385 391
517 528
1322 1325
794 801
177 179
51 52
1203 1207
230 248
314 340
933 934
872 878
116 118
1259 1260
941 946
191 192
848 857
786 794
659 661
541 556
494 497
575 578
1207 1210
597 601
857 864
845 847
528 539
1020 1032
661 679
1289 1292
1114 1118
277 297
1101 1114
221 230
510 515
679 689
625 643
843 845
86 116
589 597
808 810
210 211
199 204
1053 1061
1315 1322
620 624
801 808
643 647
131 132
559 562
1300 1302
1032 1046
1170 1180
760 767
365 385
1001 1010
652 653
71 85
908 911
717 728
190 191
23 31
1118 1146
1264 1269
774 779
562 575
45 51
447 471
1396 1404
744 749
810 838
557 558
705 707
182 188
1180 1181
250 257
1010 1020
986 998
578 585
1313 1315
69 71
345 353
864 872
192 194
896 897
515 517
767 774
653 659
1198 1203
838 842
966 977
1049 1053
1331 1338
85 86
737 744
1338 1349
1254 1259
436 444
954 955
300 314
1079 1101
297 299
160 169
444 445
1061 1079
169 177
299 300
1381 1388
1369 1372
52 69
977 978
404 422
1160 1168
422 430
1372 1381
1230 1240
445 447
1413 1427
978 984
58 43
1140 1156
869 887
740 753
76 96
991 1051
920 922
47 72
1429 1440
72 76
1412 1426
171 192
925 937
621 625
441 447
825 829
1330 1333
618 621
850 855
721 724
680 682
1310 1312
472 477
1133 1140
397 429
380 397
374 375
1392 1412
588 598
260 276
819 825
845 850
1056 1074
1124 1132
753 774
1370 1388
1156 1179
939 950
1080 1093
663 679
1074 1077
212 213
251 260
608 618
834 845
687 706
377 380
774 776
1108 1124
1361 1370
625 645
922 925
582 588
447 451
789 802
598 608
1333 1361
20 24
294 304
679 680
784 789
802 819
105 107
1388 1392
1132 1133
451 472
1312 1330
239 247
645 663
976 991
307 341
477 487
96 101
304 307
101 105
1093 1108
952 975
975 976
1051 1056
213 239
902 913
205 212
247 251
129 162
916 920
913 916
1194 1215
107 129
24 47
719 721
1426 1429
829 834
1293 1310
682 687
725 730
1179 1194
192 205
730 740
1215 1219
724 725
1219 1293
543 582
50 50
468 472
648 666
414 419
808 814
883 886
1120 1123
1395 1397
1362 1374
1393 1395
669 683
1080 1084
1244 1272
984 985
472 473
342 344
217 220
1189 1220
771 794
1220 1244
900 912
888 900
66 106
575 599
1184 1186
764 770
197 209
1429 1440
510 558
1374 1389
1168 1172
956 961
985 986
257 281
1072 1076
287 291
344 364
1186 1189
282 285
481 486
734 739
106 157
1160 1161
368 384
691 692
912 913
220 230
191 192
461 468
1389 1393
1036 1041
387 398
1287 1293
2 19
1293 1324
983 984
708 726
814 818
599 605
1119 1120
209 217
40 44
162 179
419 421
794 808
161 162
1172 1184
873 883
446 461
986 998
1084 1087
243 254
473 481
311 317
847 866
622 624
255 257
281 282
607 622
304 311
920 935
754 764
285 287
364 368
833 839
961 962
37 40
421 446
866 873
192 197
624 637
692 708
605 607
839 846
230 241
666 669
1087 1119
1044 1072
337 342
1041 1044
846 847
23 14
724 729
163 164
266 267
559 579
710 713
423 438
982 992
762 767
146 152
90 101
198 207
438 442
362 367
160 163
221 241
579 581
700 710
11 13
1105 1122
314 332
295 303
454 479
503 507
184 189
1122 1128
111 122
332 338
483 487
1233 1235
183 184
422 423
720 724
1357 1363
180 183
1098 1103
1248 1261
533 540
2 0
0 360
1080 1430
90 7
957 962
962 964
134 136
113 116
751 755
566 568
747 749
1330 1331
403 424
580 582
216 218
1220 1225
363 367
469 477
651 659
1055 1068
1316 1330
1033 1037
262 268
283 294
1267 1268
103 104
1041 1055
231 232
1311 1313
108 112
1262 1263
367 387
775 785
1016 1025
1405 1413
1114 1131
1257 1262
785 787
57 63
38 57
1169 1171
453 454
33 37
770 773
609 620
240 262
756 762
993 997
76 103
17 31
230 231
435 447
10 17
822 829
1306 1311
232 240
31 33
1 9
360 363
391 394
116 119
275 277
659 660
268 275
388 391
712 722
1110 1112
1354 1360
1334 1348
623 629
133 134
1207 1220
168 169
765 766
904 908
218 220
755 756
830 844
394 403
1096 1098
620 621
621 623
1297 1306
1268 1269
677 679
568 570
1162 1169
1246 1257
104 108
322 329
352 353
528 531
894 900
277 278
424 435
387 388
1271 1296
1360 1392
1434 1440
948 949
893 894
82 44
1408 1423
1044 1050
969 978
1384 1396
928 933
1396 1403
1050 1051
236 242
624 628
303 311
1165 1167
1302 1304
1428 1431
629 643
1078 1079
337 342
620 621
621 624
30 36
368 373
1367 1374
207 216
1339 1341
230 236
1057 1061
1174 1182
721 734
1224 1227
1330 1339
311 317
1061 1063
1198 1205
1240 1248
108 118
1342 1348
574 577
865 866
1094 1100
1182 1185
1376 1384
696 717
660 673
135 139
1375 1376
36 41
49 50
517 522
618 620
611 612
734 738
1157 1164
354 368
1365 1367
522 536
845 865
443 444
602 611
903 910
1425 1428
910 917
775 776
1071 1077
1024 1034
72 74
47 49
193 194
468 472
258 280
1140 1144
1248 1257
740 749
888 889
887 888
1124 1127
1167 1174
1002 1009
643 648
223 230
384 391
1307 1309
1084 1092
472 477
927 928
536 539
935 938
1079 1083
450 454
889 890
118 119
119 123
1434 1438
1070 1071
199 202
166 170
866 870
56 64
281 282
317 321
42 47
1230 1233
1077 1078
123 125
1063 1067
1423 1425
873 875
1266 1272
125 128
738 740
441 443
1257 1266
142 145
1213 1214
128 135
749 751
767 771
943 944
568 571
803 809
1327 1330
190 193
202 207
98 104
194 198
1348 1350
1277 1278
691 696
0 1
21 83
32 26
1322 1330
168 172
98 99
710 713
730 740
866 877
1368 1377
301 316
21 35
362 363
992 995
1278 1280
1111 1138
1379 1380
1356 1360
954 968
497 502
740 752
1230 1242
124 140
685 710
1006 1010
147 155
1280 1283
1096 1105
1180 1208
630 635
798 808
769 773
906 918
1260 1261
513 530
583 591
1074 1088
198 201
110 113
348 362
1360 1362
457 461
828 838
790 794
1380 1384
1330 1331
1064 1074
1164 1170
290 293
972 992
1140 1141
1415 1440
1286 1296
843 844
887 890
279 281
676 685
1138 1139
101 107
1141 1142
1218 1222
60 47
1406 1407
175 177
1286 1296
1082 1085
1189 1193
37 46
1336 1338
101 113
1173 1174
371 375
292 297
1391 1394
35 37
681 684
1000 1001
1042 1047
908 909
433 437
256 267
535 546
1001 1020
233 238
270 278
9 10
1039 1042
703 707
898 899
1216 1217
633 640
1197 1200
413 422
1155 1165
423 425
485 489
232 233
126 134
961 966
326 329
1243 1245
151 154
370 371
454 464
400 403
1047 1052
222 223
63 79
843 845
510 519
238 244
586 588
766 769
1085 1091
711 723
376 389
730 736
1117 1118
245 253
1177 1179
1299 1309
588 589
1171 1173
3 8
1328 1330
531 535
267 268
1206 1208
46 47
643 645
684 688
922 923
1267 1276
1309 1314
1353 1361
1372 1376
546 549
642 643
1350 1353
1055 1064
466 467
660 663
1404 1406
519 527
835 836
973 986
691 693
831 835
1112 1117
868 870
284 292
699 703
49 52
1104 1107
1296 1299
640 642
883 886
779 788
1137 1155
550 553
472 477
1035 1036
1200 1203
1209 1216
595 596
527 531
971 973
697 699
1363 1370
0 27
1206 1210
1083 1112
126 150
326 327
984 993
1003 1054
1213 1229
1249 1281
1381 1412
205 242
975 984
774 798
256 269
1066 1069
480 489
153 180
941 975
993 1003
96 103
733 736
27 64
504 505
1186 1189
692 733
1112 1186
269 281
1054 1066
40 53
1191 1196
619 630
1401 1403
1295 1297
383 393
1039 1041
342 343
833 845
88 95
1155 1161
1202 1206
1058 1079
934 940
406 416
703 707
946 947
1079 1084
217 227
235 236
632 662
978 989
87 88
569 575
991 998
1297 1317
821 833
1015 1020
788 792
508 515
515 520
731 742
1260 1263
227 235
472 494
725 731
1041 1055
911 914
692 700
794 798
252 261
243 252
1333 1355
598 604
1397 1401
154 156
592 598
1361 1397
700 703
118 145
277 280
106 118
786 788
590 591
927 934
15 62
1020 1027
1137 1148
62 80
1116 1135
691 692
1291 1295
1207 1213
182 196
591 592
799 815
156 158
145 154
1320 1327
972 976
329 335
328 329
1150 1155
83 87
103 106
1277 1291
1196 1202
535 539
606 619
372 373
416 427
940 946
1250 1260
920 927
356 372
707 712
427 437
914 920
1027 1039
672 687
441 464
196 201
560 564
1206 1207
2 0
1079 1429
10 360
47 20
1020 1022
864 873
1206 1220
247 254
762 780
959 966
1019 1020
1409 1411
219 237
125 135
1367 1377
27 28
1131 1147
542 549
903 910
1151 1153
6 15
1346 1363
744 752
212 214
429 438
307 314
411 422
676 705
403 411
302 307
1188 1192
784 795
648 667
519 533
1287 1295
874 884
1016 1019
1205 1206
966 979
25 27
938 939
1397 1401
1025 1047
1147 1151
330 338
473 479
569 572
1377 1397
591 597
83 94
327 330
1401 1403
515 519
1281 1287
1153 1157
177 183
625 642
705 718
901 903
254 302
348 349
163 177
915 920
1304 1313
804 808
195 196
438 473
314 320
1157 1172
109 125
100 109
100 100
1094 1101
1324 1332
100 108
748 756
676 684
532 540
1022 1029
1152 1159
316 324
230 237
936 943
1396 1404
576 583
1036 1044
302 309
1080 1087
1368 1375
273 280
1411 1418
691 698
633 640
993 1000
979 986
1353 1360
43 50
1209 1216
561 568
504 511
1137 1144
604 612
1296 1303
892 900
648 655
964 972
878 885
820 828
720 727
1224 1231
950 957
1238 1245
446 453
1382 1389
705 712
1008 1015
662 669
388 396
1123 1130
172 180
1108 1116
907 914
1267 1274
792 799
244 252
734 741
259 266
86 93
1195 1202
1180 1188
489 496
0 7
1252 1260
72 79
1310 1317
288 295
806 813
345 352
403 410
331 338
1425 1432
619 626
547 554
360 367
763 770
590 597
1166 1173
187 194
460 468
1281 1288
374 381
864 871
777 784
201 208
129 136
28 36
518 525
1339 1346
849 856
158 165
1051 1058
14 21
475 482
1065 1072
921 928
417 424
115 122
432 439
216 223
57 64
144 151
835 842
7 14
1072 1080
1101 1108
165 172
21 28
136 144
626 633
180 187
1303 1310
554 561
640 648
756 763
1375 1382
64 72
813 820
1029 1036
1432 1440
1332 1339
842 849
1188 1195
1044 1051
410 417
439 446
424 432
93 100
468 475
1000 1008
1360 1368
727 734
381 388
367 374
684 691
770 777
568 576
957 964
698 705
1231 1238
324 331
482 489
151 158
496 504
1260 1267
1317 1324
79 86
309 316
266 273
525 532
396 403
928 936
1116 1123
352 360
237 244
1404 1411
338 345
540 547
223 230
1245 1252
252 259
511 518
453 460
1130 1137
856 864
655 662
1058 1065
784 792
208 216
914 921
194 201
1015 1022
1346 1353
1087 1094
828 835
108 115
885 892
1216 1224
741 748
597 604
712 720
36 43
1159 1166
50 57
1288 1296
122 129
280 288
900 907
669 676
583 590
799 806
871 878
1173 1180
612 619
1202 1209
1274 1281
986 993
295 302
943 950
972 979
1144 1152
1418 1425
1389 1396
12 77
161 178
751 752
317 332
1355 1364
355 361
1091 1092
868 881
527 530
1085 1090
817 829
1068 1080
629 632
10 11
150 151
1092 1115
1231 1245
470 490
951 975
924 927
398 427
1257 1267
682 684
1406 1424
133 137
767 769
1145 1147
432 434
391 392
1283 1286
1384 1391
12 15
1391 1404
532 543
248 250
1148 1152
442 448
609 612
881 887
374 379
837 867
1286 1289
613 629
1298 1300
157 161
332 347
1429 1437
109 113
1324 1335
632 634
392 396
934 951
396 398
612 613
867 868
829 837
74 88
275 311
137 140
1426 1429
678 682
263 264
1034 1052
747 751
205 213
1197 1205
89 93
1227 1228
11 12
738 744
8 10
257 263
1245 1252
646 648
975 979
1052 1065
887 890
233 248
130 133
196 200
1364 1370
710 711
1209 1222
151 157
711 731
427 432
666 668
140 150
467 470
769 770
34 28
1429 1430
416 418
657 661
304 308
1019 1035
693 708
308 315
1342 1348
642 643
1195 1205
973 978
564 571
576 577
501 524
1369 1371
1238 1255
1142 1171
337 351
1407 1414
41 65
996 1007
423 438
1364 1369
320 323
99 101
857 861
133 140
991 996
1205 1213
40 41
499 501
1375 1376
458 463
87 92
1316 1340
244 250
120 121
486 498
1062 1071
744 755
387 390
390 392
97 99
792 794
1110 1112
672 676
1311 1316
376 377
1012 1019
1186 1195
728 731
948 949
129 132
191 201
1371 1375
1171 1179
893 901
450 452
1301 1304
906 910
441 450
1081 1095
89 60
206 207
867 877
277 285
324 327
1210 1212
1003 1009
1069 1078
382 383
220 224
745 748
1147 1151
242 249
1067 1069
365 370
847 856
224 226
450 460
1061 1067
299 302
898 901
812 817
1090 1100
1249 1264
201 206
997 1003
479 483
725 736
84 88
233 242
226 233
415 418
866 867
960 967
36 47
575 584
58 63
967 978
598 608
687 693
590 598
699 712
370 373
1025 1029
56 57
1198 1201
472 477
116 120
818 831
1159 1160
1045 1047
1047 1059
676 681
1229 1237
1103 1123
1364 1365
363 365
1365 1367
100 105
789 804
682 687
316 324
334 355
249 266
673 674
856 866
514 523
674 676
357 363
662 663
666 670
47 53
1379 1405
1160 1167
1151 1155
1192 1195
670 673
1368 1379
712 724
758 775
1330 1331
625 634
724 725
1017 1025
491 497
775 783
1195 1198
127 135
1221 1229
1201 1210
839 844
901 915
952 960
619 622
1078 1090
584 587
1272 1286
8 36
185 196
836 839
199 200
207 220
1155 1159
783 789
1405 1421
488 489
1123 1125
76 84
1237 1249
886 898
740 745
1134 1147
1286 1301
652 655
406 411
120 123
68 76
831 836
115 116
400 406
135 155
411 415
57 58
1059 1061
1317 1330
693 699
945 952
373 382
397 400
681 682
105 115
844 847
925 945
1264 1272
390 397
497 498
587 590
460 465
978 979
327 334
608 619
1212 1221
748 758
1009 1017
63 67
523 570
979 993
1331 1364
877 886
355 357
8 48
1207 1223
553 568
1384 1385
979 983
485 498
1141 1157
1026 1030
64 67
1259 1262
1097 1109
377 378
289 307
903 904
17 20
1415 1420
750 751
67 100
523 553
1385 1397
512 523
642 645
904 916
1397 1415
1128 1131
166 178
899 901
1074 1079
53 56
124 128
998 1000
1304 1320
942 949
56 64
243 244
14 17
313 314
1123 1126
461 462
1079 1093
674 678
834 859
183 184
507 512
1292 1300
387 389
1241 1244
1157 1159
1030 1031
1420 1425
7 13
20 35
481 485
260 289
678 690
983 984
792 803
89 95
353 355
575 583
1050 1053
198 216
1162 1166
316 317
877 878
825 826
245 250
564 566
1032 1033
1042 1048
1255 1258
299 307
615 618
369 371
90 98
594 598
905 907
116 120
800 808
955 956
39 49
270 276
250 251
53 77
399 403
1229 1232
332 334
457 460
378 382
1114 1119
947 953
1053 1067
1326 1327
1149 1160
1106 1113
720 728
1218 1220
583 586
1166 1167
1322 1326
546 554
680 683
861 863
289 292
1284 1288
977 982
956 959
990 1010
1034 1041
235 237
600 605
107 108
892 893
932 936
49 50
711 713
1394 1404
915 919
462 464
1368 1369
506 508
1289 1296
446 447
1099 1100
331 332
296 298
137 140
1410 1411
1068 1071
1184 1188
6 7
197 198
1388 1390
1314 1316
627 632
865 877
110 113
1357 1359
334 336
1337 1340
1180 1184
503 505
1119 1120
1160 1162
1015 1026
524 528
937 947
1048 1050
1366 1368
170 176
741 744
498 501
450 451
919 932
936 937
447 448
610 614
265 269
88 90
1088 1091
465 468
134 137
634 641
50 53
1210 1211
1420 1432
433 436
666 672
571 575
1411 1420
975 977
694 697
1344 1351
823 825
1327 1329
1220 1228
337 341
1258 1280
1189 1194
893 895
774 775
967 972
1207 1210
1237 1247
693 694
528 530
383 388
732 738
178 180
836 861
1010 1012
1252 1255
505 506
490 491
388 396
508 523
192 197
1200 1207
1026 1031
982 984
298 299
534 542
1167 1169
826 831
1404 1405
744 752
1321 1322
469 478
161 170
729 730
1301 1302
27 28
382 383
786 794
1194 1195
218 219
371 376
411 412
108 110
878 884
1169 1170
286 288
428 429
460 461
1369 1373
30 31
1432 1433
486 489
1302 1305
683 685
1129 1135
1195 1197
83 85
738 741
1120 1122
180 192
31 39
701 708
130 132
1031 1032
728 729
1188 1189
97 57
1376 1379
795 797
575 582
195 196
66 67
881 883
806 811
79 84
348 349
494 496
565 575
205 221
126 130
1292 1295
131 132
1364 1366
1083 1099
36 38
269 270
278 279
642 643
557 562
626 633
132 138
297 298
154 156
904 917
168 169
55 56
1099 1106
249 254
4 7
324 325
1180 1191
1360 1363
867 868
594 609
184 186
1250 1251
18 22
240 244
1298 1322
54 55
344 347
373 374
285 294
534 535
225 231
262 263
327 344
466 474
625 626
368 370
87 99
117 124
1026 1046
9 14
797 806
17 18
196 200
58 63
459 464
63 66
74 77
474 477
938 943
221 225
298 299
1074 1080
482 483
641 642
3 4
840 845
811 840
741 745
444 448
277 278
989 1007
84 87
1232 1234
945 957
370 373
14 17
872 876
52 54
402 405
254 255
479 482
521 522
259 262
386 395
492 494
169 174
1374 1376
160 162
67 70
156 160
1295 1298
38 41
232 240
1269 1272
1169 1180
1263 1269
174 182
409 432
483 487
535 547
77 79
319 324
1234 1250
932 934
1322 1325
717 726
267 269
454 459
464 466
1020 1026
1201 1203
893 904
917 920
1401 1417
920 925
583 594
1145 1150
325 327
1203 1205
148 154
56 58
477 479
1366 1370
1220 1228
705 707
957 986
405 409
562 565
255 259
703 705
1363 1364
1342 1354
690 702
1073 1074
30 36
987 989
351 368
1379 1383
244 249
883 893
1205 1207
200 205
934 938
868 872
1138 1145
182 184
1150 1158
14 71
16 24
589 593
1024 1039
24 26
670 674
1155 1156
1170 1174
472 489
302 319
694 697
143 145
368 391
936 964
1112 1126
319 324
53 65
1079 1081
1201 1224
1177 1178
853 863
79 101
1108 1109
15 16
776 793
261 262
1426 1431
732 735
324 335
726 730
626 633
145 151
289 300
245 261
995 998
1431 1440
462 463
933 935
360 364
1065 1068
190 196
45 48
1354 1367
713 714
1369 1378
602 611
211 232
119 125
528 530
1307 1316
1186 1188
877 883
403 412
823 853
1408 1421
158 163
674 676
730 732
1039 1041
1126 1135
138 142
1378 1380
1402 1408
367 368
885 903
300 302
540 542
1367 1369
101 115
1275 1281
1135 1136
1281 1284
536 540
535 536
142 143
1050 1061
489 511
593 602
125 127
1190 1193
935 936
912 914
623 626
976 988
176 187
1002 1007
25 43
678 681
231 247
973 975
263 274
1045 1060
819 821
1272 1289
219 229
510 515
911 918
56 76
354 359
818 819
1322 1330
1102 1107
143 149
151 159
986 990
1437 1438
848 854
545 561
1131 1152
543 545
715 738
1318 1319
1110 1113
198 201
1292 1304
308 313
704 715
657 664
135 143
81 98
1419 1426
1426 1431
1340 1347
1098 1102
41 50
1265 1267
247 263
1374 1384
1370 1374
1213 1220
1330 1331
505 510
1315 1318
455 464
593 600
1211 1213
384 385
1414 1419
464 468
600 621
767 770
990 998
898 911
920 933
762 767
950 958
438 442
561 566
303 308
839 846
50 56
175 198
566 570
1113 1129
5 6
32 84
926 928
55 62
1135 1140
839 843
249 266
888 896
482 484
979 981
31 46
461 462
1181 1182
1268 1276
517 521
309 311
701 705
679 680
1101 1102
129 139
805 812
1287 1288
655 656
1085 1092
462 466
832 838
875 881
1029 1035
498 501
1038 1046
1095 1096
724 726
495 498
1035 1038
75 84
599 604
1362 1364
522 529
511 512
241 249
506 507
740 742
174 175
1309 1319
1077 1078
738 740
545 547
1323 1329
88 99
1403 1409
881 888
1198 1201
910 915
1295 1298
685 692
211 223
185 190
720 724
501 506
139 142
1215 1218
512 517
1021 1025
276 280
1346 1348
84 86
1276 1281
981 983
435 441
1428 1432
210 211
1338 1340
794 795
953 972
266 271
1192 1198
280 287
466 477
1358 1360
1329 1336
1096 1099
649 653
1319 1321
1046 1047
287 296
1028 1029
1432 1440
727 738
409 410
1081 1082
205 210
1207 1215
693 701
547 548
665 668
681 685
507 511
175 185
916 926
838 839
1092 1095
487 495
70 75
1 7
868 874
613 628
874 875
296 309
656 658
1281 1287
7 9
411 414
906 910
1158 1164
570 579
552 554
742 759
554 568
35 81
1123 1126
960 966
956 958
858 860
3 7
958 960
682 683
46 48
93 107
1329 1333
67 69
1274 1278
1200 1204
901 908
767 771
1140 1145
144 158
839 845
563 564
1364 1380
668 669
462 473
825 832
1252 1256
683 690
1055 1064
1077 1092
372 382
620 622
1182 1189
231 233
1410 1413
166 169
609 615
298 304
567 585
1024 1038
807 812
128 131
191 195
1385 1397
1038 1044
453 456
632 635
746 752
834 836
1400 1402
371 372
399 434
169 171
256 266
385 392
590 591
48 67
1363 1364
1128 1138
473 479
895 901
966 974
1110 1117
311 321
918 923
118 128
1398 1400
1151 1156
1016 1024
84 89
1015 1016
159 166
1256 1258
131 143
323 332
41 42
1007 1015
521 523
1204 1206
593 595
669 672
1098 1106
752 757
860 865
788 790
30 37
1053 1055
266 268
1305 1306
396 399
832 833
1288 1295
1229 1232
823 825
676 679
796 807
556 560
110 118
1306 1311
867 870
1164 1182
1046 1053
551 554
951 956
1147 1151
1355 1356
499 505
1107 1110
949 951
994 996
946 949
89 91
646 651
696 697
1223 1229
667 668
1397 1398
200 231
382 385
70 36
281 297
1224 1243
69 73
116 127
950 958
801 805
253 258
834 849
702 703
1370 1371
403 407
231 240
274 281
473 474
1039 1076
73 76
146 148
127 129
322 330
1191 1196
44 45
682 694
643 644
108 109
1013 1016
173 184
749 767
1433 1435
1125 1127
355 397
504 508
464 465
419 421
977 992
849 855
1365 1370
45 46
566 571
637 642
1243 1253
1016 1020
1404 1408
1371 1379
992 993
1092 1125
588 599
1218 1224
1128 1129
508 523
599 600
905 906
330 331
1350 1365
874 884
547 552
970 974
1435 1437
560 566
302 303
161 169
679 682
1253 1258
673 674
169 170
527 532
297 298
1206 1218
1279 1283
888 905
98 103
1258 1279
699 702
656 667
421 459
141 143
1020 1024
667 673
64 69
1294 1298
906 950
160 161
552 560
1162 1191
76 81
1379 1404
221 222
266 274
81 86
600 613
63 64
1024 1038
774 776
1342 1350
184 221
1038 1039
86 94
695 699
1423 1433
240 243
571 588
59 63
532 547
258 266
1437 1438
855 874
781 801
9 81
547 562
646 648
1069 1087
65 68
180 181
15 16
77 127
1406 1410
286 297
127 133
823 850
321 336
133 142
625 635
914 917
60 65
532 533
1270 1275
342 360
1317 1332
426 441
592 625
1184 1189
1031 1035
173 177
1364 1370
1251 1256
297 310
49 60
715 721
982 991
765 769
728 732
194 211
721 723
589 592
697 704
910 914
546 547
514 525
953 955
281 286
476 477
364 365
1258 1259
1285 1293
1410 1414
769 800
1333 1337
1155 1184
1392 1394
917 920
225 230
162 167
921 925
870 892
237 255
967 977
1263 1270
1005 1008
1107 1111
1138 1151
179 180
16 22
1012 1015
584 589
525 532
635 636
1099 1107
818 823
448 468
477 501
310 318
1111 1138
732 746
533 541
177 179
369 374
1394 1406
1370 1376
336 342
360 363
1332 1333
892 910
1308 1317
650 653
991 1005
181 194
541 546
1217 1228
29 80
361 362
1284 1287
884 892
912 915
1120 1126
398 400
1294 1297
347 353
155 170
612 620
1416 1426
621 623
738 749
718 726
527 537
254 265
550 567
749 755
1259 1263
633 640
604 606
796 801
946 950
1359 1360
71 80
130 138
667 670
1100 1103
925 928
1428 1440
1326 1332
867 869
858 860
388 389
903 905
930 936
269 271
381 384
21 29
1232 1234
439 447
901 903
685 686
1312 1316
174 180
1208 1209
299 304
1276 1284
1361 1373
1068 1100
985 990
819 824
83 84
825 833
1400 1402
596 604
626 627
860 867
915 921
11 17
138 145
875 884
1002 1005
755 762
380 381
544 550
1013 1020
1009 1011
289 299
389 392
648 650
1047 1048
32 42
331 334
1111 1120
940 946
57 64
17 21
677 678
575 579
841 844
31 32
1360 1361
824 825
170 174
1373 1378
962 975
42 44
327 331
997 1002
735 736
937 940
29 31
1216 1228
905 912
1317 1322
588 596
363 367
1402 1408
64 71
1011 1013
1228 1230
1306 1312
393 398
670 677
844 857
209 212
807 809
585 586
23 22
935 938
466 594
657 659
679 681
938 1001
835 886
691 731
365 412
1313 1335
886 920
1342 1373
1335 1342
650 657
731 751
1062 1113
71 96
821 835
1373 1440
1201 1213
438 466
363 365
1001 1032
412 438
1213 1244
62 71
751 800
920 935
1267 1313
252 278
1113 1179
156 207
278 358
38 62
659 679
1179 1201
800 821
594 650
361 363
358 361
1032 1052
1244 1267
21 38
207 238
96 156
238 252
62 31
740 754
1097 1117
468 473
567 573
207 208
27 36
1162 1166
277 300
717 729
973 975
1243 1251
849 851
1118 1124
426 431
826 834
776 789
878 880
1059 1063
1044 1059
978 996
300 319
42 45
156 158
924 940
894 909
336 340
1364 1366
1346 1353
614 629
160 175
111 120
175 176
950 953
95 111
1341 1346
505 528
1278 1293
608 613
1096 1097
448 465
465 468
340 364
1166 1175
1391 1400
1015 1034
1210 1224
909 920
845 849
206 207
953 961
738 740
1276 1278
856 858
434 438
858 872
1293 1295
968 973
1355 1361
707 717
996 1011
1233 1243
120 133
698 707
1146 1153
851 854
1117 1118
1063 1096
528 557
364 379
880 894
133 134
1034 1044
975 978
872 878
267 277
557 567
208 240
1013 1015
431 434
418 426
4 13
1381 1387
1124 1146
1400 1407
1251 1276
60 81
473 489
328 336
265 267
1175 1199
240 247
1361 1364
1157 1162
10 15
91 116
451 452
1129 1137
566 584
1088 1098
786 812
1407 1427
128 153
1041 1061
1025 1027
963 988
455 464
713 775
71 91
1297 1309
1270 1297
1309 1324
23 37
703 713
853 917
371 382
1061 1065
70 71
640 649
1037 1041
45 32
59 62
935 936
1220 1222
899 915
1120 1125
1135 1151
608 614
432 435
62 79
330 358
139 144
915 935
879 881
1364 1379
522 524
150 157
1247 1251
204 232
524 531
1397 1409
370 384
1027 1029
1288 1294
936 945
559 567
1107 1115
187 202
1007 1027
1034 1069
765 800
1390 1397
317 324
672 683
1299 1306
1409 1416
1279 1282
178 181
144 150
1125 1135
19 20
1069 1098
131 139
455 465
752 762
1251 1279
266 314
1379 1390
358 370
435 440
202 204
738 749
1029 1034
1203 1220
802 838
328 330
959 1007
623 651
20 25
567 575
1416 1428
762 765
104 109
749 752
860 879
954 959
1098 1107
109 131
25 50
1231 1247
686 738
1174 1198
384 408
465 489
604 608
181 187
1428 1440
945 954
63 27
539 574
1320 1323
113 120
718 719
1190 1193
82 90
1136 1142
683 692
365 368
291 298
693 703
855 862
443 459
336 337
1062 1066
253 257
1386 1389
513 519
579 582
1047 1048
1020 1027
430 442
596 603
1059 1062
404 405
389 404
1048 1050
717 718
728 730
1338 1356
231 235
5 21
1283 1286
1249 1259
1148 1161
665 668
862 873
692 693
372 378
1394 1408
1161 1162
916 959
317 319
1333 1338
912 916
290 291
405 412
145 151
61 63
889 897
1163 1166
235 236
845 850
1259 1261
352 365
184 220
534 538
380 389
1327 1333
337 344
1027 1029
1366 1382
719 728
978 1012
126 129
538 539
344 349
1280 1283
1359 1362
1286 1288
897 907
129 135
1091 1092
850 855
370 371
710 717
519 534
378 380
1076 1077
459 500
1278 1280
135 145
1050 1057
746 760
635 665
1213 1214
1187 1190
907 912
1288 1320
1092 1136
31 59
610 616
1396 1399
1116 1127
1145 1181
943 944
1241 1242
782 791
1096 1098
1002 1009
1074 1079
1110 1112
1358 1359
315 316
907 932
133 141
165 166
1307 1314
508 528
1043 1047
141 143
834 835
433 434
1098 1106
228 237
97 107
217 221
176 178
414 416
791 796
564 568
492 505
33 36
745 748
1250 1253
226 228
934 943
1060 1064
676 678
1039 1040
6 10
575 584
1359 1365
1242 1244
528 553
1419 1423
143 160
36 42
1009 1020
115 116
796 802
890 892
875 880
311 315
986 1002
719 745
584 599
316 318
456 464
825 830
424 425
1386 1389
1423 1428
750 753
932 934
221 226
819 825
1195 1196
599 610
1300 1301
1346 1352
1399 1409
179 184
178 179
67 68
90 91
1377 1386
441 456
416 423
568 575
1079 1093
333 336
893 895
1210 1225
245 267
835 836
1301 1302
10 33
624 638
1040 1042
806 819
69 5
51 53
288 296
1368 1372
1117 1119
515 516
864 866
306 309
689 691
1333 1335
838 843
315 316
885 887
696 705
1427 1429
550 553
599 603
324 328
1429 1434
1391 1400
158 170
248 249
1322 1329
569 572
277 279
1003 1004
691 696
945 946
937 943
1082 1083
286 288
17 21
651 655
517 519
1059 1062
1364 1368
1416 1419
1424 1426
299 306
672 675
12 14
718 719
669 672
1036 1037
1414 1416
53 84
1164 1168
1018 1036
537 542
1411 1414
750 757
1245 1246
337 355
898 907
916 917
879 885
530 537
361 367
656 657
1363 1364
657 662
367 387
1332 1333
962 974
1157 1163
1096 1097
440 442
867 875
296 299
1016 1017
990 995
487 507
1037 1050
987 988
1013 1016
9 28
368 375
901 903
805 810
429 442
697 706
63 68
871 874
459 491
319 324
954 955
265 272
655 660
1192 1200
1364 1380
300 319
677 678
1000 1001
922 929
1149 1150
324 325
862 863
553 561
1208 1210
993 1000
1236 1241
358 362
798 805
1421 1430
1071 1077
903 909
519 522
1307 1313
198 207
1219 1222
274 278
1177 1192
663 677
0 41
943 949
1016 1022
616 620
335 339
507 516
303 304
205 213
548 553
1180 1190
216 220
914 919
201 205
324 335
1070 1071
651 661
1078 1100
282 296
478 487
1362 1364
444 448
1364 1366
7 23
1198 1202
806 812
434 444
530 548
1403 1414
755 778
1077 1078
1401 1403
669 679
376 384
1417 1438
747 752
1265 1266
1054 1062
528 530
620 626
1338 1346
949 969
23 27
10 100
897 899
887 894
408 409
743 744
1009 1010
585 587
1402 1403
896 897
521 524
316 333
882 887
479 489
1432 1437
1429 1432
1322 1329
775 780
1329 1332
716 717
1252 1258
189 192
402 408
247 248
970 979
1304 1313
797 802
157 158
1249 1251
265 281
1046 1061
1365 1367
1403 1412
754 755
1129 1133
1372 1381
1371 1372
349 352
691 694
418 421
937 943
807 811
1337 1340
1353 1354
1266 1269
575 579
495 501
1138 1140
828 834
1384 1385
239 245
1361 1365
205 217
615 616
337 345
1273 1292
461 469
1346 1350
924 927
165 174
39 40
985 988
1196 1204
192 195
670 672
43 44
983 985
731 732
606 609
519 521
990 994
1061 1062
297 300
675 676
1235 1239
1400 1402
1225 1230
433 442
996 1009
1381 1382
35 39
410 412
310 311
732 733
963 970
1133 1135
334 337
1412 1414
847 848
1342 1343
248 251
1165 1170
619 620
1239 1240
251 264
899 901
40 43
295 297
1066 1075
646 659
641 644
1122 1125
551 554
927 934
1392 1394
352 358
1258 1260
27 28
91 101
1240 1249
864 867
371 374
18 23
1044 1113
184 187
952 965
59 101
1004 1044
709 728
745 764
634 644
255 268
970 982
1130 1133
270 275
764 788
882 952
431 448
845 849
982 998
661 669
156 168
1427 1440
365 371
497 504
239 251
788 803
404 411
603 634
429 431
998 1004
456 464
275 356
356 365
394 404
251 255
229 239
1224 1248
101 155
1248 1288
1288 1302
464 472
450 456
537 556
100 100
78 80
233 235
770 777
391 396
266 270
294 296
553 555
922 926
1290 1296
484 491
332 345
555 564
1055 1060
595 601
735 736
604 612
15 22
1413 1418
377 378
785 786
853 862
491 500
274 279
518 524
1085 1087
1060 1068
80 81
500 501
192 194
420 421
1347 1349
623 626
867 875
198 200
236 246
125 126
1423 1425
736 740
1407 1410
403 407
1332 1335
586 588
524 530
1256 1257
180 181
626 635
1071 1072
1315 1318
1053 1055
205 206
612 615
101 107
673 683
1123 1125
603 604
754 756
589 592
1419 1423
323 327
398 399
997 1002
699 703
12 13
985 987
95 96
1246 1251
345 357
912 915
40 43
601 603
1176 1188
1008 1009
254 257
713 734
30 40
260 264
200 204
396 398
1079 1085
1141 1155
224 232
285 294
116 123
1114 1119
206 216
1016 1029
1311 1315
1431 1434
158 161
462 464
22 30
204 205
1029 1039
615 621
937 940
1418 1419
847 853
401 403
218 220
862 867
1119 1123
921 922
181 185
932 933
1188 1189
1087 1104
264 265
419 420
399 400
1434 1440
885 889
357 359
1394 1395
636 637
1125 1141
59 68
359 367
1410 1413
987 989
926 932
386 391
185 186
259 260
1425 1431
329 332
75 78
418 419
756 764
265 266
743 754
652 660
424 426
196 198
1228 1232
130 131
131 134
577 580
940 967
875 885
407 416
246 247
1326 1332
1072 1079
539 540
1002 1006
454 457
72 73
764 770
1335 1336
1070 1071
889 891
1052 1053
1352 1360
1189 1194
375 377
1196 1221
428 454
1009 1016
839 847
169 172
380 386
621 623
989 990
1397 1402
915 921
270 274
13 15
421 424
936 937
134 138
416 418
457 462
734 735
220 224
1402 1407
802 807
777 782
896 900
568 577
516 518
740 743
1251 1256
970 981
662 673
194 196
126 130
216 218
1365 1383
235 236
43 59
592 595
6 12
297 303
1364 1365
468 484
981 985
88 89
1289 1290
786 800
532 535
55 18
26 33
907 918
904 907
570 574
384 397
185 189
798 799
328 329
1384 1393
1217 1229
1231 1245
1166 1169
430 437
1127 1143
15 26
319 320
380 383
530 531
1252 1268
587 588
868 891
524 530
629 630
296 302
962 983
1169 1172
340 353
383 384
7 15
213 216
542 550
578 587
1368 1373
79 80
397 403
630 679
1093 1096
197 198
772 774
262 263
227 229
1341 1347
692 705
265 266
744 747
1203 1212
164 178
302 317
1045 1049
808 816
357 359
519 523
1013 1024
992 1005
763 772
1074 1075
1229 1231
831 835
1024 1034
619 623
531 533
1347 1348
413 430
574 577
925 926
533 539
1184 1189
1403 1406
253 262
216 217
1348 1355
1198 1203
1165 1166
16 34
1399 1434
976 1015
1078 1109
159 200
634 638
84 99
1343 1358
394 423
294 295
1221 1235
665 742
1434 1440
1186 1195
1195 1221
1385 1387
215 238
1375 1378
298 337
450 526
99 101
200 215
820 850
28 39
638 661
39 69
69 78
356 375
1268 1311
1335 1343
101 149
805 810
238 294
78 84
975 976
149 159
349 356
1047 1062
337 348
1387 1399
1132 1137
661 665
1358 1375
526 568
1062 1078
1015 1047
1378 1385
1311 1319
769 805
375 394
1109 1132
2 0
1080 1430
11 361
23 68
831 832
1346 1350
896 908
4 7
1218 1219
1002 1022
1090 1096
997 1002
138 142
163 166
443 447
411 413
494 521
250 251
365 387
560 563
697 703
53 56
46 51
299 307
407 411
1233 1250
420 421
251 268
205 212
387 398
466 476
176 205
766 769
598 601
627 631
426 432
609 612
437 443
682 685
828 831
8 9
1291 1292
1370 1383
447 466
671 672
356 364
1226 1228
25 45
425 426
119 128
672 673
1022 1026
142 150
424 425
567 574
644 653
1069 1072
823 826
1044 1064
789 790
1321 1324
685 686
398 407
100 110
826 828
1276 1281
967 968
1068 1069
432 437
1148 1149
1158 1160
1064 1068
612 614
1216 1218
790 792
1333 1339
212 219
1420 1422
1160 1169
166 170
574 575
792 796
295 299
575 581
1302 1307
1423 1439
1383 1397
928 930
832 843
1153 1155
813 816
51 53
7 8
543 550
958 961
10 50
1033 1042
635 636
914 926
175 180
783 789
650 654
763 773
360 380
1060 1066
746 749
869 873
1042 1052
586 589
158 163
1152 1159
204 213
1367 1388
194 200
481 486
1213 1277
991 998
430 450
286 330
1075 1116
1210 1213
531 537
1421 1437
894 914
55 68
359 360
68 126
550 586
1207 1210
749 761
32 55
797 798
1159 1162
1414 1421
879 889
1316 1326
163 175
283 286
849 869
589 595
1162 1175
1277 1316
1116 1128
773 783
889 894
269 283
1388 1390
147 158
537 550
595 599
2 20
200 204
330 359
126 130
654 660
213 215
17 51
615 617
423 436
509 516
47 51
588 592
409 416
1424 1432
1312 1319
743 752
595 603
346 353
1215 1225
928 943
34 47
877 878
729 735
248 258
353 355
1156 1165
1344 1385
1330 1331
126 127
893 896
716 724
689 690
617 625
272 289
1340 1344
1295 1304
449 454
1409 1422
726 729
843 857
1282 1284
943 960
383 385
436 443
175 180
554 559
247 248
271 272
671 685
1280 1282
198 226
1232 1239
982 985
1009 1027
780 792
1134 1135
164 170
836 843
239 247
978 981
667 671
481 488
896 912
1239 1247
308 326
1139 1153
258 271
1437 1440
1192 1196
792 797
502 505
380 383
1385 1389
127 137
392 409
1 100
579 585
563 564
276 278
1017 1020
1379 1381
1247 1254
388 403
1134 1135
619 623
1307 1310
146 154
98 103
310 311
423 426
193 197
648 650
495 500
290 295
766 769
717 721
616 619
533 537
280 290
139 144
556 562
526 531
1065 1083
837 839
500 501
769 773
302 305
352 354
859 866
659 662
219 221
327 329
56 61
92 97
257 260
629 630
1275 1278
426 432
79 81
108 117
504 521
690 693
275 276
1206 1208
939 942
1265 1271
929 931
732 734
144 146
883 892
546 554
525 526
892 897
311 315
74 77
55 56
278 280
263 269
230 233
952 953
601 602
1022 1025
734 736
694 698
806 807
34 36
233 234
916 917
710 717
1334 1338
1172 1176
1198 1201
531 533
1310 1324
977 979
650 659
1392 1402
801 806
325 326
10 13
1273 1274
1262 1263
902 916
979 987
1093 1098
13 14
375 383
693 694
1212 1232
918 921
364 367
329 334
21 27
1106 1125
36 48
1125 1134
1404 1405
82 66
388 393
1277 1280
7 16
919 921
1210 1212
938 943
1212 1221
493 496
230 234
729 739
1274 1275
1280 1281
327 328
820 824
214 220
608 610
971 980
293 294
1417 1422
993 1002
1041 1043
359 365
370 386
1281 1288
1142 1147
386 388
880 897
275 285
322 326
507 519
768 774
774 780
1090 1099
289 291
311 322
1227 1229
480 482
639 644
483 484
797 801
420 431
492 493
401 406
936 938
907 919
960 961
419 420
1043 1044
49 57
365 370
1169 1171
488 492
1185 1201
160 162
1036 1038
393 396
1002 1010
1089 1090
1436 1439
187 188
1427 1436
992 993
1067 1089
855 880
1171 1174
644 645
1310 1313
1243 1247
43 49
165 181
1319 1329
1329 1334
1334 1338
780 782
445 447
679 681
1258 1264
97 102
966 968
782 794
1054 1060
503 506
188 192
805 820
744 750
794 795
1412 1417
59 80
840 849
653 655
506 507
539 559
291 293
1439 1440
921 936
80 82
223 230
102 124
1126 1142
669 672
1221 1227
6 7
728 729
645 649
303 304
484 488
954 960
1264 1268
94 97
750 760
475 479
672 673
624 625
801 804
577 590
138 147
760 761
705 708
328 331
287 288
1147 1160
197 210
242 251
57 59
162 165
406 408
86 88
1229 1243
1021 1028
1010 1018
961 962
571 575
1247 1257
850 855
681 684
479 480
460 471
632 639
251 259
1063 1067
655 657
1350 1361
1 6
804 805
447 451
1422 1427
1398 1412
536 539
5 18
1105 1113
299 300
1134 1141
329 344
310 311
746 748
1188 1192
419 420
984 986
559 562
1372 1380
1164 1167
927 945
76 78
807 814
632 633
814 818
724 725
1172 1173
921 922
1225 1228
986 991
367 371
1 1
0 1
1439 1440
0 2
541 901
180 540
58 92
1292 1298
1047 1052
787 789
314 324
790 795
677 691
1149 1159
826 835
213 223
1335 1336
803 815
59 73
1104 1109
661 668
1269 1270
40 43
186 188
211 213
861 866
1125 1130
477 482
454 469
1163 1164
552 560
781 786
786 787
278 281
815 817
506 510
568 588
668 677
295 296
1224 1226
819 824
1006 1022
353 354
612 614
1097 1098
234 240
588 594
933 934
799 803
1085 1097
533 552
1298 1305
856 860
789 790
6 7
137 138
7 10
1164 1169
149 152
702 712
351 353
603 609
645 661
1319 1321
1074 1080
1179 1181
980 999
197 200
1250 1254
1025 1026
296 313
1424 1436
17 24
882 897
824 826
1336 1340
866 872
926 933
354 374
88 101
614 645
594 595
136 137
1367 1368
188 193
1072 1074
1200 1202
1052 1059
1028 1047
763 776
1110 1118
1098 1102
1181 1182
1388 1400
50 59
1102 1104
854 856
1351 1354
1242 1245
1169 1179
1280 1285
324 328
374 378
1065 1067
860 861
264 273
1245 1250
877 882
1254 1259
1083 1085
73 88
609 610
394 437
200 202
610 612
281 291
835 836
1259 1269
798 799
152 157
836 854
1214 1222
908 919
138 144
293 295
795 798
1226 1235
202 203
1329 1335
14 15
170 178
101 132
382 383
273 278
452 454
342 345
1159 1163
193 196
47 50
1354 1357
347 350
691 702
196 197
132 136
490 506
1357 1367
761 763
1270 1280
1222 1224
228 234
752 761
1059 1065
776 781
1124 1125
1001 1006
383 384
1070 1072
73 37
1383 1385
1368 1376
881 899
1093 1100
1036 1040
287 295
109 110
497 499
960 970
1412 1417
899 906
1069 1071
510 525
1203 1235
1001 1033
860 866
1417 1418
1077 1083
1418 1421
525 531
533 536
267 274
906 908
930 938
795 804
499 501
68 70
70 75
454 457
954 956
1314 1319
675 687
1033 1036
1421 1433
639 641
60 68
1350 1364
866 871
315 320
560 562
42 45
133 140
1119 1120
855 860
804 806
24 25
334 337
199 209
236 238
788 795
691 692
721 741
656 675
1366 1368
871 874
1272 1295
938 940
1145 1154
588 591
746 751
1200 1203
1187 1200
1308 1311
976 984
1434 1439
446 450
1407 1412
532 533
1073 1077
852 855
1245 1253
1400 1403
1154 1159
1063 1069
608 610
1380 1383
1403 1405
403 423
1266 1270
595 597
942 948
908 911
531 532
450 454
971 976
1253 1266
29 30
843 852
333 334
1319 1327
295 307
552 560
238 240
457 462
307 309
164 178
337 343
649 653
1327 1330
654 656
86 93
1175 1180
753 765
985 989
766 772
824 826
253 254
469 473
623 631
473 492
4 99
1184 1193
528 548
934 940
583 590
428 429
235 241
796 802
520 521
144 145
932 934
1049 1050
183 196
404 423
260 264
777 783
887 902
233 234
269 277
1130 1131
1064 1066
347 376
644 647
401 404
1348 1361
647 652
153 155
299 311
623 624
666 679
573 580
292 298
447 475
108 119
1150 1153
1329 1345
18 27
99 100
1433 1437
946 947
987 988
280 289
728 732
485 492
1073 1076
642 644
580 583
241 242
548 567
1048 1049
1380 1385
1281 1289
1385 1397
74 99
164 167
1076 1100
196 197
864 869
1403 1405
1118 1122
376 382
1015 1024
216 219
1116 1118
135 144
119 124
1040 1043
619 623
100 101
1368 1375
167 176
687 688
776 777
482 483
689 700
1407 1416
1299 1322
700 706
27 46
439 447
434 439
624 642
382 386
1327 1329
339 347
688 689
1252 1263
483 485
1366 1368
314 326
126 127
205 216
399 401
46 47
715 721
386 392
518 520
815 817
1046 1048
423 428
732 739
475 480
1122 1130
833 844
0 2
540 900
180 540
87 53
707 712
1261 1267
1134 1138
157 159
645 650
862 869
1430 1431
1018 1020
44 45
1257 1259
123 125
340 344
1191 1192
1216 1218
1038 1046
529 530
541 543
103 106
364 365
1200 1205
964 965
235 242
1223 1224
507 508
1051 1063
299 303
50 64
965 969
1231 1236
513 516
1065 1067
228 230
1190 1191
857 858
630 637
1106 1112
982 987
793 794
1426 1430
1090 1096
68 71
356 364
234 235
1198 1200
1112 1124
545 547
1373 1377
479 488
1187 1188
242 243
1070 1087
1292 1293
452 453
303 304
860 862
130 131
1011 1018
409 410
232 234
1293 1295
571 572
174 178
107 108
401 409
1303 1308
1020 1028
685 703
794 795
1287 1292
489 507
435 443
923 924
969 971
345 350
186 190
470 473
639 645
1063 1065
1338 1339
744 753
1152 1158
590 593
144 146
764 766
703 707
803 806
1028 1038
1405 1408
1224 1227
995 1003
420 435
254 259
1218 1219
1148 1152
858 860
552 558
945 948
106 107
386 395
680 685
924 925
547 552
1309 1315
1297 1302
150 154
895 899
1260 1261
375 386
64 65
460 467
558 571
259 260
1227 1231
1188 1190
971 982
537 541
795 796
1138 1148
266 270
282 299
1380 1384
1394 1405
1408 1418
1179 1186
1242 1245
579 580
252 254
1105 1106
1087 1089
763 764
65 68
1368 1370
1220 1223
837 846
45 47
602 608
163 166
467 470
475 479
304 313
34 83
394 395
186 187
1301 1305
648 651
24 29
852 853
141 143
1087 1090
252 253
1143 1148
1181 1186
825 830
743 744
179 186
550 552
436 438
438 447
624 627
1333 1336
326 327
916 918
1082 1087
668 670
421 424
1271 1274
929 934
926 929
72 77
633 643
1412 1414
268 269
300 304
212 213
89 91
177 179
1305 1312
766 767
248 252
724 726
393 394
500 501
501 505
1336 1356
1101 1105
1312 1316
748 760
202 203
670 672
958 964
1073 1082
863 865
865 876
137 138
937 947
286 290
721 724
1378 1384
643 648
166 169
13 20
197 202
696 708
554 568
363 380
529 539
512 524
271 274
546 549
1105 1111
775 779
1026 1029
620 624
1417 1423
1160 1175
817 825
904 913
679 680
997 1004
22 24
1064 1073
1129 1135
539 546
1114 1123
1399 1408
135 137
330 333
290 292
1175 1181
274 284
1205 1214
292 293
784 793
99 101
1240 1249
349 354
87 89
549 550
1426 1433
333 349
947 948
1275 1277
97 99
686 696
1277 1285
878 883
1008 1009
228 234
1414 1417
568 576
253 261
476 489
717 718
588 593
296 300
1214 1233
77 87
1317 1328
94 20
1235 1236
635 641
948 957
815 827
81 82
234 237
514 515
1248 1263
1306 1307
102 110
996 1009
404 407
1421 1425
1129 1142
700 711
1416 1421
301 308
338 355
1142 1158
494 495
1055 1057
269 279
1337 1349
978 991
563 569
1009 1010
892 893
750 755
800 812
519 526
143 144
1426 1440
641 642
666 668
395 398
315 321
925 937
1019 1021
1353 1356
619 624
127 133
857 858
1227 1234
1193 1197
880 881
937 941
881 882
1203 1207
631 635
76 80
308 315
1224 1227
246 259
408 425
332 338
323 332
858 860
200 207
1234 1235
161 168
570 574
624 625
379 380
321 323
120 124
1075 1092
431 472
1378 1381
389 395
944 948
656 666
731 734
237 238
82 85
941 942
772 776
168 186
1222 1224
1399 1404
80 81
1404 1408
850 851
473 490
844 847
1207 1219
1158 1181
748 750
136 140
13 25
1046 1050
1381 1387
1241 1248
124 126
627 630
1289 1306
37 43
1307 1308
265 269
1050 1055
133 136
548 561
863 880
617 619
4 8
957 964
279 283
518 519
755 761
495 514
144 147
355 359
592 601
233 234
380 389
0 2
0 1
1439 1440
0 2
1080 1440
11 361
