100
1 1
540 600
840 900
2 0
900 1260
180 540
1 1
1439 1440
0 1
0 2
1350 1440
297 422
2 0
273 374
1287 1440
1 1
1221 1440
515 1036
2 0
0 1
1439 1440
0 2
1099 1332
789 1099
0 2
1034 1201
1017 1034
2 0
333 415
568 958
1 1
60 390
1239 1440
0 1
1076 1440
0 2
513 786
483 513
0 2
1395 1440
849 1024
1 0
1254 1440
2 0
963 1297
1297 1440
0 2
283 429
1223 1429
0 2
311 333
22 68
2 0
163 212
212 337
0 2
965 1303
953 965
0 2
743 1044
1044 1440
2 0
445 604
604 676
1 0
715 995
1 0
946 1440
0 2
541 901
180 540
0 2
359 458
1053 1440
2 0
1080 1430
0 360
0 2
1021 1440
931 1021
2 0
897 1440
814 897
1 0
140 347
0 1
1402 1440
1 0
1189 1355
1 1
939 1099
557 939
0 2
847 1440
342 395
2 0
828 1185
1216 1440
1 1
837 1440
551 837
1 1
1112 1295
356 501
1 1
333 379
1374 1440
2 0
597 973
1258 1440
0 2
179 539
540 900
0 1
273 290
0 2
1080 1440
11 361
2 0
1099 1313
686 730
0 2
159 254
872 1220
2 0
1054 1173
1173 1440
1 0
1 85
0 2
612 741
479 612
1 1
811 924
924 1161
0 2
459 895
351 459
2 0
1070 1280
594 704
1 1
0 1
1439 1440
1 0
151 367
0 1
871 1440
0 1
786 1440
0 2
1080 1440
10 360
0 2
159 523
857 925
0 2
386 393
393 894
2 0
312 388
388 649
2 0
1324 1440
752 1144
2 0
1145 1440
737 1145
0 1
701 1117
0 2
1011 1395
1395 1440
0 1
1387 1440
2 0
767 1305
641 767
2 0
11 361
1080 1430
2 0
941 1306
572 666
2 0
1012 1336
1336 1356
2 0
1190 1216
130 430
2 0
902 1056
769 902
0 1
1007 1440
2 0
334 431
949 1440
1 1
134 169
169 574
2 0
1291 1440
413 533
0 2
180 540
540 900
0 1
98 387
0 2
530 733
733 1218
0 2
1080 1440
0 360
2 0
11 230
230 657
2 0
0 360
1079 1429
2 0
1080 1430
10 360
2 0
996 1440
155 272
0 1
478 991
2 0
1275 1440
1032 1275
2 0
1079 1429
10 360
2 0
945 1095
1193 1440
0 2
298 627
159 298
2 0
1272 1440
1087 1272
1 1
83 308
1049 1183
0 2
862 1047
825 861
2 0
1274 1440
740 1274
2 0
1311 1440
423 835
0 2
1043 1440
303 564
2 0
171 222
46 156
0 2
1242 1440
908 1242
0 2
964 1316
269 310
0 2
1439 1440
0 1
1 1
588 847
1202 1440
0 1
864 1395
2 0
1106 1440
328 377
2 0
1321 1440
162 238
