100
20 297 5
13 2 13 110
8 157 15 267
3 79 7 93
4 62 11 63
18 90 19 180
19 105 4
4 27 7 36
12 83 13 100
13 56 15 60
0 56 1 96
76 40 7
8 12 61 34
65 12 73 39
20 7 21 9
1 0 47 6
57 7 59 9
66 0 69 8
16 36 41 36
57 305 10
0 46 9 46
17 46 26 46
48 46 56 46
8 96 46 96
0 146 9 146
16 146 25 146
48 146 56 146
6 196 44 196
0 246 9 246
15 246 24 246
100 500 10
19 273 93 410
48 71 97 190
79 33 85 70
20 18 70 33
49 203 67 220
38 433 58 487
4 272 5 388
12 126 39 267
4 34 33 45
38 411 71 431
10 10 10
7 0 7 0
2 1 2 1
5 2 5 2
9 3 9 3
3 4 3 4
4 5 4 5
6 6 6 6
0 7 0 7
1 8 1 8
8 9 8 9
28 24 10
5 13 20 19
8 0 24 10
1 21 16 23
1 7 2 10
27 11 27 13
8 12 21 12
21 14 23 17
25 9 26 11
5 1 7 11
5 20 23 20
96 108 1
0 36 95 91
78 110 2
0 27 74 104
75 83 77 104
57 421 8
7 208 10 313
14 348 37 394
21 184 38 201
35 285 53 324
12 101 18 187
38 2 52 146
31 46 35 100
27 158 51 158
85 52 6
19 16 42 37
63 34 65 47
0 23 5 28
15 0 61 13
51 20 55 38
68 10 77 32
100 500 10
19 11 74 480
80 236 83 240
76 164 84 234
88 73 92 467
3 140 3 247
10 304 18 421
81 34 85 99
0 274 8 378
78 389 84 430
6 7 15 75
70 89 1
0 12 69 33
80 411 1
1 164 20 185
62 262 4
0 60 51 184
52 87 59 184
60 87 60 208
61 208 61 259
100 500 10
0 1 71 3
8 6 99 7
0 10 59 10
21 13 99 13
0 14 54 14
4 15 99 17
0 19 55 21
43 23 99 25
0 27 91 29
30 30 99 31
8 229 7
4 83 5 216
2 175 3 222
6 71 6 134
1 73 2 150
1 11 4 20
3 123 3 173
2 21 7 60
100 500 10
72 131 84 317
16 133 65 175
13 260 36 343
53 341 79 469
46 18 85 83
8 181 57 188
86 188 95 406
84 386 85 412
56 196 63 239
29 199 45 227
16 337 6
9 100 9 161
8 167 12 315
10 45 10 93
3 114 4 258
7 299 7 328
0 88 1 217
100 500 10
0 1 56 3
15 6 99 8
0 10 88 12
41 13 99 13
0 16 97 17
4 20 99 22
0 25 61 25
16 28 99 28
0 29 76 30
18 33 99 34
100 500 10
0 425 27 464
51 52 99 471
34 242 43 414
23 486 77 499
21 265 23 353
27 9 27 176
11 35 17 358
32 312 33 481
59 22 96 42
30 17 47 89
100 500 10
30 309 53 408
54 58 91 330
80 366 91 384
33 436 36 483
8 321 25 381
28 10 30 196
26 200 51 202
24 206 53 286
55 366 66 453
6 267 23 319
13 268 5
8 171 10 221
0 87 0 101
8 43 11 59
1 98 7 205
11 118 12 147
100 500 10
66 149 81 319
8 295 15 488
52 32 56 38
31 99 41 277
22 195 23 227
17 11 19 54
48 114 59 414
90 117 96 212
16 185 18 489
41 290 42 335
45 453 1
0 164 44 223
10 10 10
0 0 0 0
9 1 9 1
2 2 2 2
5 3 5 3
1 4 1 4
4 5 4 5
3 6 3 6
8 7 8 7
6 8 6 8
7 9 7 9
10 10 10
7 0 7 0
8 1 8 1
9 2 9 2
6 3 6 3
3 4 3 4
0 5 0 5
2 6 2 6
4 7 4 7
1 8 1 8
5 9 5 9
63 227 6
8 35 42 194
42 204 62 219
43 38 60 170
3 49 5 79
55 23 61 32
27 18 38 34
80 386 10
0 61 13 61
23 61 36 61
67 61 79 61
16 125 69 125
0 189 13 189
24 189 37 189
67 189 79 189
14 253 67 253
0 317 13 317
14 317 27 317
58 4 0
10 10 10
1 0 1 0
4 1 4 1
7 2 7 2
9 3 9 3
0 4 0 4
6 5 6 5
3 6 3 6
2 7 2 7
5 8 5 8
8 9 8 9
100 500 10
15 235 45 274
16 395 95 488
41 295 57 390
50 141 91 168
13 360 15 399
84 181 99 204
26 6 63 43
4 192 37 211
61 352 95 360
11 186 72 188
58 332 4
37 11 55 287
2 203 7 272
22 172 28 195
30 226 32 287
100 500 0
40 260 9
28 81 34 117
10 135 12 197
8 71 22 80
18 143 28 162
13 40 22 45
23 233 30 251
12 237 19 253
10 213 26 219
17 178 28 206
88 214 6
17 30 69 54
20 122 25 173
34 179 72 201
39 103 49 115
78 6 83 86
70 12 74 37
93 9 9
39 2 79 6
5 0 18 4
56 8 75 8
32 8 43 8
27 1 38 1
22 3 37 4
27 6 30 7
81 0 91 7
16 8 28 8
64 437 10
0 69 10 69
17 69 27 69
54 69 63 69
8 141 50 141
0 213 10 213
19 213 29 213
54 213 63 213
8 285 50 285
0 357 10 357
14 357 24 357
32 270 4
12 30 16 68
2 13 5 203
12 205 21 259
12 102 29 133
100 500 10
24 191 66 494
8 159 18 206
0 250 1 481
68 50 72 89
22 0 28 113
67 300 98 371
77 136 81 255
2 382 6 383
34 13 56 170
91 38 98 259
53 341 10
0 52 8 52
11 52 19 52
45 52 52 52
11 108 46 108
0 164 8 164
12 164 20 164
45 164 52 164
6 220 41 220
0 276 8 276
13 276 21 276
48 94 9
4 6 30 31
9 87 42 89
23 43 43 61
3 41 14 49
38 14 45 21
9 67 37 79
10 33 35 37
45 5 47 6
4 65 8 66
76 334 9
0 292 1 316
2 268 5 316
6 5 9 316
10 5 48 72
49 5 49 156
50 43 71 156
72 156 73 229
74 99 74 156
75 151 75 156
100 500 10
40 180 60 314
14 107 68 173
56 343 80 451
13 266 26 351
90 133 92 219
3 369 23 435
28 330 49 421
60 8 63 73
8 29 11 188
0 471 8 471
14 260 4
0 56 7 104
8 56 8 211
9 75 11 211
12 75 13 205
100 500 10
0 1 74 1
26 4 99 4
0 5 97 6
23 8 99 10
0 12 50 14
47 16 99 17
0 20 71 22
6 23 99 25
0 26 83 26
32 28 99 29
6 156 2
0 44 4 61
5 44 5 142
71 435 2
7 163 36 349
53 119 64 307
71 112 0
97 474 6
23 95 64 322
7 148 16 420
8 451 67 463
36 439 69 447
93 266 95 424
85 17 94 22
31 414 1
3 288 24 370
100 500 10
0 1 85 2
2 4 99 6
0 7 77 9
3 11 99 13
0 14 64 16
34 18 99 20
0 22 64 22
12 25 99 27
0 29 54 30
43 31 99 32
58 295 10
0 45 9 45
16 45 25 45
49 45 57 45
9 94 47 94
0 143 9 143
13 143 22 143
49 143 57 143
7 192 45 192
0 241 9 241
10 241 19 241
30 168 4
11 31 12 50
6 134 14 156
13 23 18 130
20 13 23 155
63 194 0
100 500 10
14 59 64 215
30 321 89 344
67 83 92 317
4 374 15 485
50 47 61 50
10 363 30 365
57 421 77 477
8 29 13 200
87 451 94 462
57 372 96 395
60 144 4
18 13 19 75
41 73 56 110
7 9 11 70
0 19 5 95
94 408 9
23 72 89 93
25 145 72 386
77 234 85 336
7 126 12 197
2 110 20 125
43 24 92 35
0 41 1 333
76 138 87 179
52 116 83 128
81 96 0
53 254 10
0 38 8 38
15 38 23 38
45 38 52 38
6 80 41 80
0 122 8 122
16 122 24 122
45 122 52 122
6 164 41 164
0 206 8 206
13 206 21 206
100 500 10
14 252 97 495
30 52 34 108
5 416 11 450
4 43 24 178
47 216 92 232
6 195 9 224
45 6 99 127
23 207 28 213
77 134 82 173
33 242 73 242
78 358 4
20 60 25 303
61 2 74 57
45 97 71 314
33 66 37 353
100 500 10
63 176 64 318
14 53 32 495
33 124 43 309
36 44 99 105
4 113 10 133
55 452 72 493
75 137 91 236
11 189 13 351
3 206 3 272
94 460 95 476
54 402 1
0 316 53 321
100 500 10
0 1 76 1
16 4 99 6
0 7 74 7
5 8 99 9
0 12 52 13
37 16 99 16
0 18 63 19
8 20 99 21
0 23 65 23
49 26 99 28
100 500 10
0 1 52 3
46 5 99 7
0 10 54 11
18 13 99 14
0 15 95 15
28 17 99 17
0 20 66 21
34 23 99 23
0 25 53 27
45 30 99 32
29 458 3
7 268 13 307
3 343 12 450
4 152 11 176
10 10 10
8 0 8 0
2 1 2 1
7 2 7 2
4 3 4 3
6 4 6 4
9 5 9 5
1 6 1 6
5 7 5 7
3 8 3 8
0 9 0 9
10 10 10
0 0 0 0
4 1 4 1
9 2 9 2
7 3 7 3
2 4 2 4
5 5 5 5
3 6 3 6
1 7 1 7
6 8 6 8
8 9 8 9
51 212 1
0 58 50 116
95 186 8
26 23 90 84
14 120 24 144
23 94 39 115
26 152 57 181
71 158 86 171
65 102 67 132
1 99 9 154
41 139 75 142
64 97 9
39 47 59 90
15 9 54 11
60 5 63 87
4 14 48 28
20 30 29 58
12 81 18 84
8 92 62 94
36 37 58 43
4 74 27 79
28 11 0
10 10 10
7 0 7 0
5 1 5 1
8 2 8 2
1 3 1 3
4 4 4 4
6 5 6 5
3 6 3 6
2 7 2 7
9 8 9 8
0 9 0 9
100 500 10
38 458 85 479
78 219 94 388
37 111 71 174
9 43 50 68
68 302 69 457
10 167 20 285
45 242 53 443
34 79 56 91
73 90 82 206
31 300 38 428
24 130 1
0 82 23 97
100 500 10
12 146 26 260
9 337 86 429
7 56 90 78
90 134 97 417
18 4 85 5
64 172 85 323
36 222 49 225
1 437 5 448
77 457 84 497
65 100 74 160
68 93 10
2 55 49 88
54 17 61 59
3 48 20 48
0 1 52 22
4 42 26 46
18 26 24 32
52 71 65 90
33 35 40 44
18 49 45 52
8 39 19 41
10 180 10
4 158 7 171
5 64 6 71
9 52 9 114
7 29 7 135
2 121 3 153
1 106 6 114
0 61 2 89
6 2 9 28
0 44 3 54
4 63 4 87
100 500 10
0 1 52 2
9 5 99 7
0 9 77 11
28 14 99 15
0 18 75 19
14 22 99 22
0 24 69 26
13 27 99 29
0 30 75 32
11 34 99 36
100 500 10
0 1 67 3
48 5 99 5
0 6 90 7
29 8 99 10
0 11 56 11
35 14 99 15
0 18 96 20
44 23 99 24
0 25 76 27
3 30 99 32
100 500 10
0 1 89 3
20 6 99 8
0 11 63 11
46 13 99 14
0 15 81 17
42 20 99 21
0 23 79 23
28 26 99 26
0 29 66 29
0 30 99 30
100 500 10
0 1 82 1
30 4 99 5
0 6 65 8
6 11 99 13
0 16 51 17
39 20 99 21
0 22 51 23
10 25 99 25
0 27 56 29
24 31 99 31
38 219 2
14 18 17 102
11 139 25 168
28 304 4
7 109 26 301
4 78 6 129
0 187 4 265
1 14 5 33
100 500 10
26 91 62 223
64 356 71 464
80 228 91 239
18 278 25 431
29 238 30 459
77 112 97 146
41 236 48 311
73 316 90 445
4 7 21 52
34 252 38 418
100 500 10
0 1 55 3
22 4 99 4
0 5 53 5
32 7 99 7
0 9 82 9
30 12 99 12
0 13 57 15
17 17 99 17
0 20 88 22
27 23 99 24
10 10 10
9 0 9 0
7 1 7 1
1 2 1 2
8 3 8 3
6 4 6 4
4 5 4 5
3 6 3 6
5 7 5 7
2 8 2 8
0 9 0 9
100 500 10
34 17 75 252
6 301 24 497
31 7 33 109
38 319 75 456
30 260 51 279
87 218 97 348
1 164 33 246
82 139 93 148
27 457 31 464
3 83 18 145
10 10 10
0 0 0 0
7 1 7 1
8 2 8 2
1 3 1 3
4 4 4 4
3 5 3 5
9 6 9 6
2 7 2 7
6 8 6 8
5 9 5 9
100 500 10
26 8 39 329
55 236 98 267
13 123 18 435
84 332 91 365
53 379 63 472
11 7 13 102
41 29 51 235
85 51 98 160
71 381 92 498
67 289 73 314
72 440 8
51 277 68 324
6 38 40 70
24 182 37 260
0 274 19 317
27 366 71 388
3 11 41 17
1 132 23 256
21 394 39 426
100 500 10
35 204 59 257
88 333 91 423
75 450 89 474
64 355 80 412
23 295 50 425
47 71 60 129
57 289 93 319
4 77 4 443
80 2 81 143
14 45 17 95
100 500 10
53 0 62 354
37 341 40 475
68 204 86 349
9 43 45 96
4 157 27 313
28 103 34 470
62 435 97 446
13 452 15 460
73 94 78 199
55 413 61 441
10 10 10
4 0 4 0
9 1 9 1
8 2 8 2
0 3 0 3
6 4 6 4
2 5 2 5
1 6 1 6
7 7 7 7
3 8 3 8
5 9 5 9
100 500 10
74 366 91 467
92 55 99 120
5 27 52 253
44 431 53 431
3 282 60 319
96 204 99 449
54 192 98 201
1 455 7 478
93 437 94 450
68 482 80 494
70 257 10
0 40 11 40
16 40 27 40
59 40 69 40
14 82 60 82
0 124 11 124
19 124 30 124
59 124 69 124
13 166 59 166
0 208 11 208
19 208 30 208
84 485 3
0 449 75 471
76 110 82 471
83 214 83 471
100 500 10
24 258 65 395
68 29 86 232
62 430 73 457
41 52 42 97
7 42 17 105
0 213 19 397
82 409 94 449
40 132 43 239
93 82 96 217
17 2 24 17
63 306 1
0 67 34 127
