100
419 336 330
12 873 12
245 14 6
3 4 2
1 3 1
178 668 645
468 658 547
441 38 11
5 1 1
844 791 878
768 452 940
475 499 230
818 331 797
368 77 24
512 512 1
384 271 975
172 447 42
1 5 1
349 731 821
338 739 59
5 3 3
888 839 994
3 1 4
496 18 553
512 512 256
660 942 954
1 1 5
743 929 232
422 997 252
521 175 154
393 698 218
163 729 100
214 921 6
7 8 5
103 143 88
5 3 3
4 1 1
513 513 256
922 857 572
27 95 6
843 749 746
512 512 2
2 5 1
3 3 3
380 883 968
565 812 2
170 136 446
1 2 1
4 4 2
973 758 327
513 513 257
48 3 2
244 95 697
256 438 150
4 5 2
159 332 365
53 598 946
494 570 637
250 548 661
402 752 374
270 282 262
2 2 1
867 492 198
723 525 452
324 247 348
237 257 577
3 3 5
1000 1000 1
887 189 76
513 513 512
81 703 54
917 260 40
1 1 1
458 747 540
512 512 513
761 113 108
513 513 2
721 165 87
173 619 25
5 1 1
961 690 746
2 2 5
1 1 1000
45 56 35
1 3 1
49 732 3
226 490 430
244 816 16
459 287 977
4 4 4
4 5 4
328 812 690
164 382 42
957 356 132
701 395 50
512 512 257
513 513 1
5 4 3
788 2 145
824 928 583
