100
6 393
201 201 177 177 89 115
9 466
336 404 385 397 229 456 389 398 368
8 390
309 360 319 340 300 292 387 305
4 433
204 116 112 54
8 510
195 238 437 248 272 262 315 73
9 519
300 329 307 374 270 256 403 265 227
10 370
14 80 162 316 347 130 255 130 344 115
10 449
297 14 397 387 409 398 343 14 368 148
10 378
186 55 159 340 79 117 105 86 334 370
8 89
44 60 88 19 6 3 80 25
5 415
387 377 377 377 377
1 442
351
10 463
2 94 378 462 349 242 123 22 189 75
5 158
65 115 103 88 138
3 393
199 273 132
10 644
633 124 413 330 584 529 293 275 207 157
7 372
194 246 346 177 305 250 134
6 458
271 234 195 85 446 264
10 351
292 262 286 49 166 318 328 195 171 108
10 645
508 551 7 281 135 376 263 477 189 596
10 412
372 252 242 158 409 407 233 278 152 284
10 563
231 558 26 83 291 310 280 553 219 195
5 644
407 571 622 407 462
10 403
395 332 243 256 363 158 76 200 352 274
10 483
478 166 420 316 6 320 399 223 143 179
10 584
20 468 117 497 565 196 389 154 88 431
7 479
433 304 239 304 304 304 304
6 345
86 5 22 132 137 207
9 557
298 326 269 299 215 376 434 204 395
10 489
451 49 186 70 223 400 159 334 264 254
10 686
408 468 265 382 270 184 464 620 381 123
6 63
54 10 25 50 39 14
6 684
263 176 234 421 508 450
9 466
138 368 218 218 138 138 353 353 138
7 352
253 20 237 330 100 32 178
3 308
183 204 129
10 621
378 495 607 152 97 339 307 249 120 229
5 571
16 477 378 90 273
2 245
216 158
10 537
267 32 493 129 237 32 223 299 307 67
4 284
122 133 171 265
8 522
72 182 410 340 521 1 112 450
10 548
520 256 160 153 203 85 527 387 174 362
10 685
317 457 565 656 562 428 683 466 188 223
7 343
302 308 76 330 5 267 28
10 490
43 479 462 375 53 104 181 304 376 477
5 625
562 264 574 180 278
10 318
226 218 18 255 244 315 23 272 119 194
10 379
203 237 195 241 229 363 278 210 250 175
9 651
172 628 237 237 642 561 642 642 237
10 257
138 76 226 15 29 97 254 220 115 27
10 602
230 253 271 79 178 316 138 464 270 498
7 200
185 18 113 167 127 186 8
10 110
24 59 23 64 98 92 40 94 70 102
6 544
527 443 17 51 101 493
10 513
237 378 360 160 98 82 226 165 343 50
7 672
346 430 313 256 315 362 373
10 626
300 370 363 380 181 477 497 374 243 17
9 420
127 14 14 127 35 127 35 351 35
5 530
471 354 486 205 353
10 223
92 60 85 82 10 60 110 192 204 139
6 222
29 183 193 63 159 39
8 561
40 90 40 310 310 263 40 149
10 449
170 8 203 197 32 399 329 435 33 382
10 443
282 25 106 117 161 418 326 35 408 337
8 427
265 90 3 337 228 162 424 199
6 565
234 82 377 483 331 188
10 1
1 1 1 1 1 1 1 1 1 1
6 219
196 98 122 24 69 151
5 378
362 151 288 56 329
9 489
374 478 473 311 364 314 488 358 277
3 579
527 324 566
10 642
360 534 580 487 388 640 384 527 226 375
10 606
149 340 236 232 571 374 370 266 457 35
5 682
383 348 244 536 453
6 393
137 137 243 229 229 229
5 205
200 116 1 97 160
8 524
394 518 474 228 296 130 50 6
9 483
204 304 226 458 421 340 366 167 399
10 579
460 136 487 357 148 415 279 244 143 469
10 373
192 113 268 223 43 152 237 214 148 156
8 373
209 249 343 288 253 334 257 300
8 659
442 375 444 514 601 523 569 256
2 374
21 40
10 232
15 40 17 7 158 170 146 35 28 206
3 316
274 181 189
10 531
448 97 253 164 118 507 10 192 495 471
6 643
492 532 442 642 515 581
10 420
356 287 85 191 5 290 76 128 194 220
6 214
98 35 54 84 25 200
10 700
1 1 1 1 1 1 1 1 1 1
6 523
183 447 431 447 431 412
9 631
94 67 313 212 361 216 107 120 300
10 685
527 31 125 291 37 249 577 567 15 281
7 676
413 186 361 361 186 383 383
10 148
143 140 106 76 17 21 42 17 113 73
10 144
69 98 2 12 141 89 81 32 119 103
6 661
88 618 603 545 328 467
8 562
492 543 544 431 467 415 443 535
10 683
57 114 578 533 11 93 634 546 510 636
