100
23 28 217
734 1 594
178 4 233
5 4 16
16 55 296
67 6 394
3 12 12
176 5 571
60 10 468
147 1 47
4 4 12
3 271 375
39 21 111
1 18 13
4 4 10
61 16 514
1 246 9
929 1 907
5 1 5
43 16 387
2 5 8
114 2 56
3 5 10
3 217 142
3 3 9
19 6 20
4 4 14
68 7 241
343 1 161
12 50 256
2 475 910
1 928 915
1 723 465
2 224 345
21 9 60
12 4 36
3 329 64
2 498 599
2 157 226
100 7 323
155 4 419
97 10 479
1 775 458
1 194 181
6 162 395
2 379 609
2 281 175
1 141 107
161 3 375
294 1 114
132 4 509
2 42 65
1 5 5
4 73 219
18 9 71
26 34 464
9 7 16
2 446 575
1 934 25
3 3 5
83 10 812
3 150 350
3 24 33
65 6 143
4 5 10
169 2 219
20 1 13
2 212 376
1 99 88
11 23 110
4 4 10
868 1 103
99 9 216
29 34 392
3 51 79
6 146 122
1 119 11
34 10 168
10 45 256
70 14 825
15 25 96
13 24 250
54 11 278
19 20 309
4 33 124
163 6 965
80 2 77
129 5 575
492 2 547
389 1 234
4 3 10
2 130 134
12 78 305
8 79 478
994 1 688
5 4 14
16 53 693
1 338 268
7 94 391
4 5 14
