100
10 1 7
5 3 8
2 5 9
5 2 5
4 5 14
2 4 5
1 16 11
17 1 8
5 2 3
15 1 5
5 3 14
2 1 1
2 10 4
4 4 12
2 8 7
1 17 2
4 3 10
3 1 2
1 19 17
3 6 8
3 2 1
1 15 1
3 3 4
7 1 7
1 16 7
3 3 9
1 1 1
19 1 4
9 1 1
4 4 14
1 2 2
1 4 2
1 19 10
2 9 10
1 1 1
9 1 3
1 3 3
1 10 7
1 20 10
3 4 11
6 3 10
4 5 10
4 4 2
1 18 5
4 3 2
6 3 17
4 3 4
1 5 5
1 3 3
7 2 10
5 4 4
3 4 8
3 3 9
4 4 10
2 7 2
1 15 9
4 5 14
19 1 10
2 10 11
5 1 5
1 14 2
2 5 8
1 17 8
1 5 5
1 5 5
6 2 8
5 4 6
10 2 8
1 6 2
5 1 5
2 1 1
5 3 8
6 3 9
3 2 6
3 3 5
19 1 15
12 1 5
18 1 6
5 4 17
9 2 18
3 5 9
6 3 16
3 1 3
4 1 3
10 2 13
4 4 10
4 3 10
1 14 12
2 5 8
5 4 16
1 2 1
17 1 17
1 2 2
7 2 4
3 2 4
7 1 6
1 16 6
1 12 10
1 1 1
1 9 5
