100
10
138900175 57977994 424121770 359037142 221481509 883979809 582293554 496650109 474840906 269501875
6
828 637 103 225 660 856
5
35 567 560 212 48
4
574 79 369 743
3
30 808 518
9
7318 166 1893 239 2860 342 9763 1945 6941
1
420974614
10
773 540 439 53 3 32 147 502 652 967
10
949 903 564 178 28 79 472 582 933 981
8
672 500 399 28 320 426 545 731
7
687028486 752998462 844169491 960247978 113725425 527898557 53196418
10
919 741 636 294 53 212 600 659 844 926
10
339358547 224666932 796954876 3092812 345851275 645838542 450910050 274922393 38743731 359451585
6
781 554 463 517 601 854
9
4019 4953 4901 5643 426 6052 5417 981 9141
8
1219 9145 208 459 5086 4604 782 6220
3
1 2 3
10
885 755 582 407 246 277 465 654 775 886
9
94 8847 1502 57 1970 2374 944 282 6767
8
9324 8519 2446 7302 6810 7707 2810 4509
9
8538 2268 383 7340 9164 39 169 6025 6153
9
8904 1667 7946 7599 3435 251 457 3707 392
10
686 542 221 67 23 65 160 266 577 762
9
971 773 488 313 39 179 467 564 921
10
665195499 565837113 974454324 263173710 468799867 183387368 209423163 169316904 626211581 18350425
9
5317 3466 1925 3642 4472 3185 5198 7064 140
10
895 818 440 246 59 70 352 545 882 923
7
62 983 471 469 354 302 116
10
9845 814 2382 6282 7631 1871 2432 9097 1151 7282
10
7988152 2777 7284024 5412743 2553254 5346163 7062207 1829599 3407763 9365274
10
3528 391 3514 581 3211 27 4148 4561 2715 1567
8
303632781 644994325 524600571 220635584 96892785 502036986 880558549 120186449
3
445518769 653630626 700715080
10
686 598 291 174 11 139 178 477 634 851
4
1121050 6322864 3387974 2515421
4
408 456 634 866
10
49472895 945178799 844442374 305313376 127366092 960283300 172840099 625785892 604937284 909047767
10
2286 9500 9365 4688 770 4602 3882 2398 509 9403
10
835 467 383 161 45 117 256 427 747 839
10
7543 4666 5478 7575 5644 7617 4566 9152 5274 8382
10
900 767 721 361 247 354 627 722 864 916
9
8827 35 802 1650 7546 7437 2142 4341 2619
7
678 542 470 389 336 313 173
7
136179831 559612092 108504045 206296511 273292206 470637680 130569450
4
22 428 260 88
4
450274189 113368501 952957529 248565941
10
534682564 66472641 912901750 355018094 723574811 697745761 381137072 16866939 692210809 475517653
9
3809 777 1962 60 1996 448 2124 38 6456
10
9639 7334 881 6294 8754 6104 3057 9910 5122 2790
10
789033281 516750572 214226148 210831060 600807154 511338443 309359999 615791035 732747557 239481342
9
603389698 899102035 719615944 941157952 881404170 709937024 206341353 699349365 517160042
8
69715633 477580496 327628462 410253863 675933906 630079461 173163863 801506883
8
9957 3381 7135 8306 294 225 6615 4637
6
640 242 127 174 348 753
10
611 529 357 304 10 123 326 432 537 859
9
6837 6629 948 5036 9653 3638 8105 3141 394
10
633136311 826745026 914861073 982476805 532962843 302976632 664507256 843970108 935255622 563337479
10
399 2936 3426 3632 2578 4950 2508 2539 431 5133
5
565123428 982845042 112748522 945814183 74513015
3
624 425 535
10
7618 2246 6472 3063 7474 6737 8531 3792 3623 2762
10
355878073 673439700 458622617 160797320 194038142 997837397 995813975 471049576 548978702 75160480
9
3862 5058 413 1906 5568 9761 1683 7006 7734
9
1920 358 255 347 8653 5694 3645 781 8397
4
642 98 189 718
8
4662063 4477655 7467404 1195416 9608687 451108 7667149 9151286
8
2710368 347682 2802330 298388 8461203 3542187 2262614 6810939
4
17336463 583057343 451981416 522587382
7
413413162 654430105 753465262 747965091 215265761 844783261 566321662
5
439837847 307524351 110608064 324591172 47546100
3
324 933 578
10
883 773 715 346 65 272 578 741 794 982
10
6014 6734 2963 5480 4532 6340 969 50 424 9051
10
3165 4591 1238 9041 2263 2155 983 6677 9989 8416
6
251091010 19400577 652358021 205172075 609961395 297389184
5
1 8 10 3 7
10
918 771 563 499 69 161 504 755 832 957
10
7150 4670 279 6817 4919 2024 9351 1334 309 9991
9
3701 6165 8869 29 7695 255 201 673 8151
10
36 66 109 127 136 374 660 630 593 484
9
9574 7122 1103 4880 3104 247 2654 2761 3077
10
613404600 994472985 616503970 60533164 99669019 782905678 736646803 753802893 359813044 225718856
3
489758272 659639520 385489860
10
197035320 77936956 154143974 205576991 209103839 727073870 991009211 395674727 54995198 106381070
8
2091 3653 7596 3081 7274 3334 695 8138
10
775578275 270427126 733008551 478931745 413190281 769607074 944169732 643003605 235213959 503737325
10
83539508 7180975 20739764 890310891 343029214 178683474 409177544 640055181 212015235 471468208
8
177852372 45563098 89886014 351748948 511382634 313880609 20116490 888840865
3
201 165 172
5
238240544 320803134 875531134 38536280 156921821
10
825 784 572 345 119 309 460 653 797 982
8
220 534 550 750 743 656 565 563
9
491 2500 971 4982 156 274 6245 854 5288
8
9073038 66321 3938337 7699904 794193 4653917 7610435 5086254
9
783836904 944584786 674732571 545593894 111741090 562211145 375183458 111763480 378926123
5
821681466 115118050 999572275 28569271 610010635
10
459905594 554367445 142883185 351593590 647457354 302328317 380688835 835256718 855146086 948605674
9
8898365 8564260 2313260 2319361 7878732 7365555 5179017 2953136 6867531
10
6847 3002 2648 5070 5413 6901 1386 1667 5761 7658
10
6728 4309 716 7561 3670 2053 9541 1471 1181 2209
