100
9
606768501 828795533 888834744 206293738 745753210 827143534 225621785 437750634 133846891
1
426553473
10
192174213 514523065 525977686 825903649 452188197 425487782 803068582 909904260 561134749 505786408
4
248 649 486 448
8
645751595 138461136 652037625 977825707 49211427 672796205 687847578 116617311
3
1 2 3
10
592805095 248471553 58513682 586063377 97986028 836170820 328506929 30429675 727104958 5680574
10
5595 776 341 4414 1264 7146 381 4989 2305 1717
7
90 626 476 267 252 199 193
10
878924050 576845172 435299570 210196948 322964777 698667634 49288917 787646659 58029664 553864999
9
21497633 512708003 64958200 94039407 731057842 43352642 263024301 160841169 208099794
8
6138532 1609901 7765882 1444191 9011380 7868675 2907950 8983192
9
1844 984 8903 1274 5339 241 774 4246 5583
10
890 797 740 400 120 385 535 762 809 964
9
967 885 722 164 49 119 299 829 892
4
597373461 583898611 189829150 309107061
8
7657 7885 102 78 1474 6078 1092 8756
10
319742558 608194563 132844876 636581877 812012658 302091308 491575878 431276159 738641718 720480702
5
523414431 10257058 6886063 912624660 880928007
7
984 843 687 449 501 734 879
9
268 8735 4524 242 4519 4647 3350 87 5783
10
602 522 277 185 6 141 232 521 571 648
10
831 602 279 250 7 86 263 468 740 869
3
187276166 827248166 824415519
6
920559001 725098546 95696796 610997604 454122421 266870540
9
5091 2745 343 6054 5271 330 654 227 6914
9
124 9711 6004 6866 5873 8 4611 201 9605
5
7 134 411 533 588
8
5463 414 4453 391 2183 5633 871 6002
7
959 765 358 189 190 530 920
10
888 770 701 116 15 80 435 710 853 955
8
385 2616 2920 4169 5030 393 1087 8844
8
868 718 401 58 283 556 748 942
3
471 918 757
9
834163806 244850356 133232104 977826871 510874655 978338558 879371161 278618736 865909145
10
850 811 528 217 139 160 336 783 823 978
10
4243 6707 9875 3684 6461 6746 1500 2646 1452 7998
10
660 595 253 116 4 87 177 471 637 914
9
8516 2465 7342 9437 5850 159 3316 6203 5859
4
151335080 482392378 240503515 325151853
3
618196055 197821766 165248921
9
582747493 795228817 274122033 552925536 787262081 725955801 796977481 734871555 771650348
8
602 515 277 47 184 296 588 764
3
447451180 346721933 953377501
10
817750120 858378924 194255988 166228622 544455559 650543974 17659490 577072366 102556334 252022079
10
9642 4202 858 5743 7889 4616 5080 4920 8806 3900
10
958735969 339140014 204105358 924616402 259386650 29000989 588361337 665819596 973927621 351747511
8
749595117 442408270 276448681 794198417 235418990 924267230 916490281 81878146
5
1 8 10 3 7
9
924 908 559 234 5 24 282 592 920
8
6130877 1788038 6787154 1009093 9074279 356200 7069457 8160654
10
373235992 796262647 675107597 717722382 889487180 416100524 454311777 339272058 785130769 61658942
6
638477636 426459830 547005913 852553328 903334032 404059001
8
806 689 420 36 345 612 805 985
10
4846 3022 752 3560 8069 3062 2443 3448 1094 2577
8
300 943 741 733 632 596 377 353
10
975183693 856298178 949338192 940973572 473556033 64908432 582680517 483359676 223438025 919447446
9
9251 537 313 8136 90 172 6786 6049 7076
10
903 812 527 477 72 197 511 781 877 945
9
663 523 348 201 29 139 259 519 534
8
1476 2964 4909 5308 2532 585 9168 9530
10
953545737 608736115 261928421 640370820 935858525 775312268 272815835 519533580 906129962 902260394
8
8941 446 1116 192 7092 5829 3039 5544
8
78 530 518 419 393 368 273 180
8
9780 824 5175 6566 3706 952 5119 6788
5
788 246 117 175 324
9
8720 6214 359 2959 4005 3710 8538 3000 4322
9
9461749 9367379 190367 1823956 7291117 5618395 3883328 3067006 5022097
4
124 56 92 935
10
759 665 336 228 21 116 312 664 745 968
8
4647 344 7106 5495 5649 2826 406 7893
10
889 783 490 332 32 119 390 724 867 914
10
4515 1378 5893 1923 2171 3312 6714 822 3905 8083
10
923 624 557 472 218 365 518 572 765 948
10
966159536 361698001 483463614 665915524 416167656 546853182 498061595 643421306 812916270 960102945
4
428969238 414483639 606807905 840895845
9
5761 7727 7071 4377 2344 1123 281 7881 8051
10
567 490 359 256 86 93 298 371 560 718
10
147716800 329503542 489962570 13736293 33667364 417994830 749623524 242901530 582838380 228266468
9
206 55 1746 5718 58 1945 5460 1628 6762
10
310653538 452923083 379176550 338507395 734020830 897377276 52438474 497617945 925852408 303924851
7
665802649 482655767 742889542 303537279 491204015 335628526 857499062
3
79 307 299
8
6096 6449 6402 8319 416 354 5328 8145
8
6911 7544 7066 7415 3384 3670 2037 7758
8
9694171 166027 4383408 8058033 1294918 6038489 7876191 7392072
10
6645 9995 6811 2404 2208 4069 820 4358 5599 8629
10
7147 4288 6064 6361 7190 3534 1941 9855 1139 7648
7
192026648 632016377 412988268 98653707 972896212 331228758 759664070
10
9916 306 3539 330 7741 5432 5827 7514 9911 7532
10
9393 1059 673 8284 9369 2109 192 7305 3150 402
8
6089 8630 5835 5643 1667 404 314 6495
10
9450219 1486596 9173982 8909370 2787023 8711600 9059351 2762397 6722133 9770110
9
9722 6055 4961 431 220 4709 385 2137 9259
4
2090523 8059523 3854117 2336482
5
866 671 262 594 698
9
98 3986 2708 468 4907 5915 657 257 8714
3
432598846 481245922 947984674
9
55 283 308 354 992 981 940 931 406
10
599 536 372 297 275 272 201 190 108 86
