50
3
1 2 3
2 3 5
3 5 6
2 3 4
1 2 3
7
20 26 27 36 39 41 45
22 31 35 39 41 43 47
15 19 28 32 40 41 43
20 21 31 36 41 45 47
3 5 7 12 14 15 20
7 12 13 14 15 19 21
14 20 22 26 30 32 36
7 13 17 22 26 27 35
18 23 26 31 35 40 41
9 16 17 22 27 28 31
3 7 9 14 18 20 22
12 14 22 26 31 36 39
5 12 16 20 23 26 31
5
9 16 19 25 26
16 17 20 25 27
11 15 17 19 22
7 11 12 16 19
14 19 22 27 30
2 4 7 9 14
18 19 21 26 30
2 7 11 16 18
4 11 15 17 19
4
18 28 44 61
12 18 26 45
31 44 46 71
26 30 46 74
44 61 74 98
45 63 71 98
12 18 31 44
2
4 6
8 11
4 8
2
2 22
22 222
2 22
7
11 16 19 23 24 27 28
6 11 12 17 18 20 26
13 17 23 28 30 31 38
10 12 19 24 28 30 33
20 25 30 31 35 42 43
15 18 24 29 34 35 41
13 20 24 28 29 30 32
15 23 28 30 34 38 42
25 30 33 38 41 47 50
4 6 11 13 15 20 25
8 11 16 20 23 25 30
4 8 10 13 15 17 22
22 26 28 32 42 43 50
2
6 8
2 6
2 4
7
7 10 11 14 16 19 21
13 17 19 20 23 24 30
9 12 14 15 19 22 26
15 18 21 22 23 24 28
3 4 7 9 11 13 16
12 13 17 19 21 23 25
9 12 14 15 17 20 23
7 8 11 14 17 21 24
3 4 7 9 12 15 16
16 20 21 23 25 28 33
16 19 24 26 28 30 33
4 5 10 12 13 18 19
4 5 8 12 14 17 20
7
87 121 138 145 167 203 222
73 78 116 121 141 162 163
98 114 134 153 163 189 222
35 48 85 88 102 103 134
78 100 124 134 149 183 189
39 46 48 66 78 100 121
26 46 74 84 91 95 114
79 95 103 146 162 183 203
61 74 85 91 116 124 138
49 66 91 106 128 146 153
16 26 35 49 73 78 87
65 84 88 106 121 134 145
16 39 61 65 78 79 98
3
1 2 3
2 3 4
2 3 4
3 4 5
1 2 3
3
3 6 7
2 3 4
4 6 8
4 8 10
2 4 6
5
2 7 12 16 18
14 19 21 28 33
18 26 27 33 35
11 13 18 25 27
12 13 18 21 27
16 22 27 31 35
6 12 13 21 26
7 12 13 19 22
16 21 25 28 31
3
2 3 4
2 3 4
3 4 5
1 2 3
3 4 5
4
3 4 5 6
4 5 6 7
1 2 3 4
3 4 5 6
1 2 3 4
4 5 6 7
2 3 4 5
5
7 13 16 19 23
1 5 6 7 9
9 12 22 23 27
5 8 11 13 14
11 14 17 22 27
7 11 18 19 22
2 8 9 11 12
1 2 4 7 11
4 11 14 18 22
3
7 11 13
4 6 7
6 7 13
1 4 7
3 6 11
10
11 13 19 20 22 23 25 28 30 33
15 18 21 24 26 28 29 31 33 34
2 3 4 6 8 9 11 12 13 15
4 7 9 11 13 14 16 17 19 20
6 8 13 14 15 17 19 21 24 26
4 6 9 10 12 13 15 17 19 21
7 9 14 15 17 19 21 23 25 28
8 11 16 18 19 20 22 25 27 29
6 8 10 13 14 15 18 19 20 22
8 9 12 14 15 17 19 20 22 24
9 11 13 16 17 19 20 21 23 26
12 15 20 22 24 26 27 30 31 34
5 7 11 13 14 16 18 20 22 24
12 15 17 20 21 23 25 26 28 30
10 12 17 19 20 21 23 26 28 31
13 17 19 22 24 25 27 28 30 31
3 5 7 8 9 11 13 15 17 18
2 3 4 5 6 7 8 10 11 12
11 13 15 18 19 21 22 23 25 27
2
2 4
4 8
2 6
10
71 72 73 74 75 76 77 78 79 80
2 12 22 32 42 52 62 72 82 92
91 92 93 94 95 96 97 98 99 100
21 22 23 24 25 26 27 28 29 30
4 14 24 34 44 54 64 74 84 94
8 18 28 38 48 58 68 78 88 98
7 17 27 37 47 57 67 77 87 97
10 20 30 40 50 60 70 80 90 100
3 13 23 33 43 53 63 73 83 93
9 19 29 39 49 59 69 79 89 99
6 16 26 36 46 56 66 76 86 96
81 82 83 84 85 86 87 88 89 90
1 2 3 4 5 6 7 8 9 10
41 42 43 44 45 46 47 48 49 50
1 11 21 31 41 51 61 71 81 91
31 32 33 34 35 36 37 38 39 40
5 15 25 35 45 55 65 75 85 95
61 62 63 64 65 66 67 68 69 70
51 52 53 54 55 56 57 58 59 60
10
9 10 11 12 13 14 15 16 17 18
10 11 12 13 14 15 16 17 18 19
4 5 6 7 8 9 10 11 12 13
8 9 10 11 12 13 14 15 16 17
1 2 3 4 5 6 7 8 9 10
5 6 7 8 9 10 11 12 13 14
4 5 6 7 8 9 10 11 12 13
10 11 12 13 14 15 16 17 18 19
3 4 5 6 7 8 9 10 11 12
7 8 9 10 11 12 13 14 15 16
3 4 5 6 7 8 9 10 11 12
8 9 10 11 12 13 14 15 16 17
5 6 7 8 9 10 11 12 13 14
2 3 4 5 6 7 8 9 10 11
9 10 11 12 13 14 15 16 17 18
1 2 3 4 5 6 7 8 9 10
6 7 8 9 10 11 12 13 14 15
6 7 8 9 10 11 12 13 14 15
2 3 4 5 6 7 8 9 10 11
3
3 4 5
1 3 4
5 6 7
1 3 5
3 4 6
10
14 16 24 28 30 33 35 41 43 45
5 8 13 15 17 20 21 24 25 29
9 12 15 19 21 23 25 28 30 31
10 11 19 21 22 26 29 32 33 34
11 12 21 23 25 28 31 35 37 39
8 10 16 19 21 24 26 27 29 31
13 17 20 24 26 28 30 33 34 35
15 22 24 27 32 35 38 41 42 44
4 5 8 10 11 12 14 16 18 23
20 23 26 31 33 35 39 44 47 49
17 18 25 30 32 34 36 42 45 48
18 26 29 31 34 39 43 45 48 49
1 2 5 8 10 11 13 14 17 20
1 4 7 9 10 13 14 15 17 18
13 14 23 25 28 30 32 38 41 43
7 10 13 16 19 21 23 24 25 26
2 5 10 12 14 17 19 22 24 26
10 14 17 21 22 25 28 30 32 33
14 19 21 26 29 31 32 35 36 39
9
8 11 13 16 21 24 27 30 31
14 15 20 22 26 29 30 36 39
11 14 17 19 23 27 28 33 36
15 21 24 25 30 33 36 39 42
2 5 8 9 11 14 15 19 21
5 11 14 15 16 19 22 23 25
3 8 10 11 13 17 20 21 24
13 18 21 24 27 28 30 33 34
6 9 11 15 18 20 24 25 27
4 8 10 14 15 17 21 24 25
1 3 4 6 8 11 14 16 17
17 21 24 25 30 32 34 42 45
1 2 3 5 8 11 13 15 16
3 5 8 11 14 16 18 21 24
16 19 21 23 28 30 33 39 42
16 24 25 27 31 36 39 42 45
8 14 15 18 21 23 26 28 30
3
7 8 15
12 17 22
7 8 17
12 15 22
3 7 12
7
3 4 5 6 7 8 9
4 5 6 7 8 9 10
7 8 9 10 11 12 13
2 3 4 5 6 7 8
1 2 3 4 5 6 7
6 7 8 9 10 11 12
1 2 3 4 5 6 7
3 4 5 6 7 8 9
6 7 8 9 10 11 12
5 6 7 8 9 10 11
7 8 9 10 11 12 13
2 3 4 5 6 7 8
5 6 7 8 9 10 11
3
1 3 4
3 5 8
1 2 4
4 6 11
2 5 6
6
1 3 6 9 12 14
4 5 7 12 13 17
6 7 9 16 19 22
14 17 19 21 24 29
10 13 16 17 18 21
12 13 16 18 21 27
7 8 9 15 16 19
1 4 7 10 13 15
3 5 8 13 15 16
15 16 22 24 27 29
9 12 15 17 20 24
3
3 4 5
1 2 3
1 2 3
3 4 5
2 3 4
6
3 5 7 8 9 11
3 5 6 9 10 12
7 9 11 12 14 17
4 7 9 11 13 15
8 10 13 14 15 18
9 12 15 16 18 19
8 11 15 17 18 19
5 6 9 11 13 15
5 8 11 12 14 16
6 9 13 14 15 18
2 3 4 5 6 8
2
5 9
5 9
1 5
7
6 8 10 11 13 15 17
1 3 5 6 8 10 11
9 12 13 15 16 18 20
6 8 10 11 12 15 17
3 5 6 8 10 11 12
5 7 8 10 11 12 14
10 14 16 17 18 19 21
11 12 14 17 18 20 21
8 10 11 13 14 16 18
1 3 5 6 8 9 10
10 11 12 15 16 18 19
5 6 8 10 11 13 16
8 10 11 12 14 16 18
7
2 7 8 9 10 11 24
4 9 13 16 17 18 28
5 10 14 17 19 20 31
1 2 3 4 5 6 23
3 8 12 13 14 15 27
6 11 15 18 20 21 33
23 25 26 28 30 33 34
6 11 15 18 20 21 32
2 7 8 9 10 11 25
22 24 27 29 31 32 34
4 9 13 16 17 18 29
3 8 12 13 14 15 26
1 2 3 4 5 6 22
2
22 222
22 222
2 22
4
5 6 8 9
7 9 12 15
10 13 15 17
6 9 15 17
2 5 7 10
4 6 9 13
5 8 12 15
4
1 2 3 8
3 5 6 11
2 4 5 10
7 9 11 13
1 2 3 7
8 10 12 13
3 5 6 12
4
9 10 11 12
5 6 7 8
1 5 9 13
3 7 11 15
1 2 3 4
2 6 10 14
13 14 15 16
7
7 14 21 28 35 42 49
2 9 16 23 30 37 44
43 44 45 46 47 48 49
22 23 24 25 26 27 28
1 2 3 4 5 6 7
5 12 19 26 33 40 47
8 9 10 11 12 13 14
4 11 18 25 32 39 46
6 13 20 27 34 41 48
1 8 15 22 29 36 43
29 30 31 32 33 34 35
36 37 38 39 40 41 42
3 10 17 24 31 38 45
4
2 4 5 6
2 3 4 6
6 8 10 11
6 8 9 11
5 7 8 9
4 7 8 10
4 6 7 8
2
4 8
2 6
6 8
10
1 2 3 4 5 6 7 8 9 47
4 12 19 25 26 27 28 29 30 52
6 14 21 27 32 36 37 38 39 57
9 17 24 30 35 39 42 44 45 62
9 17 24 30 35 39 42 44 45 63
2 10 11 12 13 14 15 16 17 48
47 48 50 52 55 57 59 60 62 64
7 15 22 28 33 37 40 41 42 58
2 10 11 12 13 14 15 16 17 49
3 11 18 19 20 21 22 23 24 51
7 15 22 28 33 37 40 41 42 59
5 13 20 26 31 32 33 34 35 55
6 14 21 27 32 36 37 38 39 56
8 16 23 29 34 38 41 43 44 61
8 16 23 29 34 38 41 43 44 60
3 11 18 19 20 21 22 23 24 50
4 12 19 25 26 27 28 29 30 53
46 49 51 53 54 56 58 61 63 64
5 13 20 26 31 32 33 34 35 54
10
134 148 162 185 195 220 221 240 262 266
39 43 60 71 101 107 140 170 173 199
123 156 183 199 204 214 222 244 257 266
65 95 103 107 142 143 158 181 184 220
112 126 144 168 176 184 207 226 232 257
16 24 42 43 56 89 108 120 126 148
32 59 68 71 96 120 130 151 168 185
47 56 79 96 122 142 152 173 177 204
14 16 20 32 51 65 81 97 112 123
97 140 147 170 173 183 190 199 226 240
26 42 49 68 84 103 131 147 162 183
96 120 143 151 173 181 197 199 222 244
75 108 114 130 139 158 182 190 202 222
22 24 41 59 83 95 116 140 150 156
112 150 162 173 177 186 202 222 232 262
20 41 49 60 79 111 114 143 144 162
72 89 111 120 125 143 166 183 186 214
81 116 131 140 152 166 182 197 207 221
51 83 84 101 122 125 139 173 176 195
8
16 23 29 31 34 37 39 43
4 6 10 13 16 17 22 25
2 5 7 11 13 15 18 22
12 22 25 28 29 33 36 38
18 22 23 28 31 36 39 45
22 25 26 31 34 38 43 48
18 27 33 34 38 41 45 48
10 18 21 22 26 28 31 34
15 17 20 24 28 33 37 41
11 13 15 19 22 28 31 34
9 14 15 19 22 24 28 31
7 10 12 15 21 25 29 33
2 4 6 9 10 12 16 18
5 6 10 14 18 22 23 27
6 10 12 15 17 20 23 26
4
4 5 7 10
2 3 5 8
1 2 4 6
1 2 4 5
4 5 7 8
2 3 5 6
5 6 8 11
2
1 2
1 3
3 4
6
7 9 12 13 15 19
1 3 5 7 8 11
8 12 14 15 16 22
4 8 9 12 13 17
8 11 13 15 16 21
5 8 9 12 14 17
11 14 17 19 22 24
1 3 4 7 8 10
3 5 8 9 12 14
10 14 17 20 21 24
3 5 8 9 11 14
3
4 5 6
5 7 8
2 4 5
4 5 7
2 4 5
2
4 8
6 8
2 4
3
4 5 6
5 10 11
4 7 9
9 11 16
7 10 12
5
10 15 17 21 24
6 9 11 13 15
12 14 15 18 21
6 11 14 15 16
3 4 6 8 10
4 9 11 14 15
3 6 9 12 13
13 15 16 20 24
9 11 14 15 17
