100
4 3
4 5 6 4
4 2
4 5 6 4
3 3
1 1 1
100 3
73 31 7 2 68 33 1 91 46 73 95 88 69 71 52 20 56 19 10 97 97 82 28 70 95 22 43 20 55 91 70 76 49 43 59 82 20 21 89 49 25 63 30 26 85 42 58 74 13 71 82 29 49 71 47 68 61 89 46 50 25 43 1 32 79 86 49 7 21 13 43 46 97 97 91 59 11 85 47 88 26 59 44 57 49 11 55 76 12 32 19 31 55 4 73 62 95 97 7 80
21 4
87 33 69 27 23 43 92 63 71 85 19 3 95 47 87 11 25 12 63 37 63
100 3
1 11 43 61 91 28 83 29 5 41 92 59 41 37 41 70 28 52 26 73 17 91 89 22 25 46 67 41 49 41 8 68 92 37 22 68 89 7 14 62 4 67 2 31 38 73 92 67 58 44 22 77 64 83 55 17 43 13 8 5 41 5 80 82 53 49 95 32 88 65 28 41 52 55 19 56 68 76 97 77 1 7 40 59 79 83 20 43 62 40 20 61 68 40 4 77 7 59 20 1
100 3
88 7 73 80 61 17 82 72 87 7 46 16 67 1 42 13 94 58 82 78 52 7 70 88 93 40 79 80 35 65 31 17 63 16 71 43 79 63 16 29 76 72 40 15 91 62 18 91 7 71 25 13 18 94 13 20 94 55 14 59 70 83 4 40 25 19 85 60 17 66 92 61 63 94 61 38 82 47 58 58 64 41 22 6 69 4 21 40 78 88 40 70 67 49 39 94 25 3 34 43
2 3
73 37
17 4
59 81 47 19 13 75 77 87 1 29 65 58 27 7 51 27 55
16 3
62 98 5 73 14 88 26 68 89 64 25 83 80 69 19 7
17 4
53 77 12 1 17 89 23 39 19 38 61 65 5 15 7 19 67
100 3
1 7 70 10 86 63 89 97 31 65 85 33 8 11 98 4 88 34 44 85 38 54 77 82 20 80 58 4 71 43 31 52 58 94 49 55 3 67 37 19 22 24 5 7 77 19 89 8 97 82 58 82 64 17 35 73 43 35 71 35 94 82 37 77 28 57 63 83 31 72 55 91 1 94 67 20 85 5 14 1 23 37 70 29 88 58 85 55 25 25 82 6 38 17 46 44 28 31 70 58
2 4
2 54
24 4
83 64 4 69 72 59 21 49 17 68 65 51 95 97 49 77 75 71 61 43 65 37 9 95
12 3
73 70 47 41 38 22 51 2 86 53 4 31
100 4
10 13 57 81 50 69 7 2 10 74 85 49 21 89 94 78 26 21 53 22 58 22 31 97 94 29 77 29 29 77 9 70 29 53 30 17 11 91 73 49 61 39 36 13 41 85 82 81 27 95 81 67 90 25 21 21 66 89 72 27 10 74 90 18 58 6 97 57 5 29 57 83 81 83 61 37 93 42 72 90 51 94 71 93 49 69 38 25 14 37 16 87 81 50 25 81 33 73 53 69
26 3
52 17 13 19 98 40 35 34 40 5 13 20 88 67 11 10 7 86 34 40 4 64 71 46 52 52
100 4
85 64 50 6 58 60 33 40 48 9 53 49 21 97 62 63 45 61 40 17 10 93 73 69 82 49 5 47 49 73 30 53 65 59 17 23 65 57 67 18 46 25 14 25 31 6 9 18 26 1 90 94 73 26 89 41 70 74 12 77 1 65 14 97 45 93 21 29 5 47 69 3 45 10 61 53 25 26 69 30 81 53 82 83 50 55 65 93 77 75 2 13 50 9 93 25 5 67 13 29
14 4
19 59 22 51 61 57 91 25 96 21 21 81 43 15
100 3
14 94 86 68 44 17 56 83 83 62 89 76 77 83 17 17 26 56 88 92 80 40 68 85 47 63 38 53 92 96 62 73 38 40 32 38 2 77 98 50 50 71 17 84 22 67 50 65 41 52 2 84 55 34 23 11 85 4 32 83 75 37 71 7 68 71 90 19 55 19 53 52 35 5 12 50 2 86 82 92 67 47 44 35 27 71 52 46 35 41 14 56 1 71 76 74 22 19 56 4
13 4
39 89 7 91 81 87 91 23 89 41 69 57 97
29 4
83 39 6 29 68 37 68 51 35 90 67 36 82 55 93 34 89 19 17 91 78 68 27 37 87 97 97 55 75
21 4
67 9 86 13 97 23 9 59 73 20 1 27 71 73 69 25 29 1 1 33 65
2 3
65 11
100 4
78 79 4 41 39 69 17 74 21 66 8 17 95 38 1 66 49 91 70 53 2 57 57 53 95 93 10 93 58 25 90 43 21 52 73 35 9 93 90 26 18 34 66 95 33 10 25 25 51 19 94 65 91 29 14 66 66 1 85 45 81 57 40 82 49 46 54 2 8 14 18 27 51 89 57 73 46 50 65 94 6 33 66 85 69 53 5 94 25 97 97 94 57 59 42 81 93 67 31 87
100 3
1 71 70 79 77 82 96 25 16 64 79 11 92 5 12 50 34 37 17 40 46 49 46 46 97 13 88 70 20 22 97 17 25 40 97 4 49 22 37 31 74 62 69 90 64 52 43 82 68 41 18 61 94 20 7 30 52 13 47 74 74 94 50 1 43 58 85 52 76 47 64 70 71 22 37 88 87 31 11 22 56 55 55 85 67 83 53 12 98 78 62 1 20 16 30 58 25 26 1 89
1 3
40
1 4
46
100 4
2 7 57 57 81 85 29 83 71 93 89 58 66 1 38 61 33 54 49 82 50 23 53 97 49 10 5 45 85 93 93 33 53 30 21 54 33 18 9 49 60 5 31 61 22 16 53 14 74 87 27 11 17 37 1 33 89 12 15 7 73 5 49 2 17 50 69 1 89 94 72 55 7 7 53 42 53 57 79 77 27 37 97 1 41 53 89 53 66 77 82 41 29 53 97 85 62 53 2 14
20 4
95 55 32 43 57 59 15 37 55 89 11 15 77 47 21 79 35 35 11 47
3 4
63 79 7
25 4
81 85 3 71 96 61 7 5 15 83 41 39 51 23 49 55 55 43 79 95 59 3 39 25 37
1 4
83
3 4
54 86 42
1 2
10
11 3
26 53 13 85 73 8 43 95 61 59 28
13 3
37 72 47 39 40 28 50 93 23 11 10 13 2
100 3
38 14 32 71 73 25 48 68 77 46 17 11 82 30 25 88 14 56 2 5 29 23 63 54 14 54 2 47 47 26 57 32 2 82 88 8 31 62 7 41 77 80 41 46 47 16 6 20 83 47 75 98 67 41 31 14 22 34 50 37 66 8 38 21 68 18 95 86 7 77 59 9 85 76 29 74 62 15 90 68 73 20 89 61 85 50 86 11 68 32 42 71 41 20 79 52 4 32 82 12
2 4
9 65
21 3
43 28 38 77 8 2 26 88 3 44 31 29 89 37 46 35 71 41 31 98 19
19 4
26 13 77 57 39 77 15 11 81 37 59 74 2 62 10 47 59 65 50
24 4
25 73 60 86 45 31 54 24 25 62 59 3 37 71 81 87 39 90 39 13 64 13 19 41
100 4
73 13 97 9 79 39 34 71 89 31 2 45 75 49 91 61 61 86 22 75 26 63 43 7 19 13 69 5 47 13 18 50 91 9 49 65 87 33 87 17 35 22 18 61 89 18 11 13 46 18 54 59 96 46 62 73 18 10 89 41 55 39 59 37 87 17 89 58 86 38 67 30 58 97 38 21 58 27 61 42 47 62 33 35 86 11 87 75 30 38 79 34 26 62 11 91 79 77 62 89
100 3
10 55 23 10 34 54 83 12 82 49 94 40 81 64 48 24 52 71 86 97 88 67 70 37 2 63 88 58 7 4 67 43 42 50 28 88 25 46 7 10 36 50 83 52 20 2 16 19 31 49 79 25 37 83 73 91 79 19 73 25 25 13 79 38 43 55 29 64 22 34 62 46 31 44 73 2 76 14 1 58 37 58 59 74 16 67 52 94 73 25 26 88 1 14 11 81 26 91 32 16
1 3
51
17 2
93 56 32 36 80 37 2 49 64 33 96 15 48 30 8 65 92
20 4
57 28 91 35 39 7 90 86 7 67 51 73 82 29 50 89 93 23 73 65
100 4
91 75 30 3 82 82 45 75 63 7 42 14 97 21 87 19 41 47 45 69 95 82 26 67 31 50 31 51 41 71 82 74 13 21 50 83 41 95 89 63 63 94 2 1 73 41 27 50 1 3 82 45 71 21 30 37 53 34 27 15 6 93 43 85 97 29 15 47 7 94 15 23 18 97 6 70 86 14 74 74 78 66 93 25 13 77 61 46 87 9 65 11 78 87 31 81 86 93 18 70
16 4
3 69 31 73 43 63 4 37 65 11 79 51 61 23 81 5
18 4
93 5 85 25 43 37 91 9 11 21 23 29 9 61 19 94 7 73
22 4
71 9 78 17 31 6 79 50 7 59 62 67 27 91 29 51 55 62 35 33 13 61
100 3
10 88 1 16 82 52 53 97 73 4 76 22 97 94 85 4 49 94 13 22 1 53 86 37 32 61 16 64 38 73 93 27 88 44 45 59 1 40 50 91 79 58 13 9 85 40 86 26 92 91 82 20 70 38 82 13 28 89 66 70 98 16 37 88 22 79 32 72 65 88 80 19 32 29 8 49 80 76 82 37 48 22 29 52 32 43 95 31 88 7 13 35 68 34 34 23 59 31 4 92
18 3
56 26 29 18 86 6 20 37 18 37 85 16 54 83 40 94 98 54
31 4
69 1 82 78 63 13 28 45 97 38 23 93 53 90 30 67 7 85 61 65 37 13 61 43 83 41 23 59 65 46 65
100 4
69 21 70 78 94 29 1 54 73 53 93 75 25 22 82 2 74 85 85 61 42 30 54 57 5 82 26 17 71 21 21 10 62 33 73 38 49 95 73 17 65 39 5 71 93 97 54 25 54 25 18 82 73 22 68 44 46 50 38 72 49 89 82 46 50 18 57 30 61 17 57 94 10 43 44 97 3 45 37 73 35 69 53 65 4 6 5 30 94 66 93 42 37 50 29 34 41 1 45 77
2 2
31 55
100 3
8 71 7 2 78 7 47 80 65 81 28 32 88 26 59 67 35 86 12 5 14 8 74 18 25 41 21 68 89 22 37 5 34 37 82 86 32 29 58 29 41 1 48 35 23 44 50 66 67 39 30 17 82 94 65 63 93 91 67 43 71 80 34 90 59 98 83 25 29 23 20 26 53 72 14 47 62 53 87 26 77 5 37 13 26 77 52 92 40 97 8 59 29 35 41 35 14 95 11 68
21 4
73 18 61 27 35 53 9 33 87 21 39 97 43 29 78 83 10 37 5 46 86
26 3
1 55 47 76 46 52 76 1 69 53 42 43 35 81 54 85 92 22 92 22 52 46 78 55 94 53
100 3
25 6 27 29 1 1 80 29 56 58 23 79 56 8 40 49 37 68 97 47 47 70 25 50 79 50 39 14 7 60 92 94 17 88 75 19 71 16 5 42 50 16 95 32 74 65 21 85 55 17 10 35 95 35 51 8 58 83 90 12 8 80 26 68 11 87 83 28 53 17 23 53 74 32 35 31 7 25 32 96 22 50 44 23 28 32 88 71 53 16 65 59 23 52 47 27 56 29 64 23
22 4
25 89 89 19 5 93 67 91 53 4 53 21 16 33 85 21 86 37 39 25 19 13
100 3
94 31 17 76 19 52 65 68 86 64 86 98 47 52 74 29 25 74 34 17 71 86 60 7 55 46 97 88 4 93 56 21 1 79 52 10 64 43 40 40 28 31 53 14 95 58 10 58 70 29 53 67 85 37 19 60 85 64 37 61 49 46 11 49 97 94 2 76 79 35 28 10 37 58 22 76 68 9 55 94 5 37 7 19 76 70 77 65 71 89 76 7 70 16 73 64 97 41 34 1
100 3
3 22 10 85 43 86 19 88 74 7 62 4 23 69 77 50 4 31 4 52 20 86 28 53 68 68 95 40 79 1 28 77 97 71 82 35 13 90 50 84 4 19 98 9 31 52 70 86 51 67 8 16 41 16 79 52 17 24 49 91 53 1 58 70 30 70 64 25 92 34 5 16 49 82 62 63 28 74 10 28 22 65 58 32 1 97 55 46 1 15 89 1 86 28 65 40 83 32 70 31
100 4
77 73 69 90 93 11 97 78 70 26 25 21 66 1 42 90 67 5 77 8 29 93 77 97 71 5 35 81 49 42 9 96 77 77 60 78 89 61 97 70 78 4 53 57 89 17 82 59 42 82 2 9 22 65 87 46 29 21 59 49 49 26 34 89 70 81 1 54 91 25 19 57 9 49 33 31 8 9 69 41 49 29 2 66 58 69 22 65 21 41 49 60 86 57 61 82 18 65 73 82
100 3
58 25 53 38 7 80 79 65 38 77 20 86 2 5 38 67 92 46 52 41 52 89 43 25 5 89 73 14 79 17 22 58 5 52 43 5 23 55 64 4 97 85 40 80 73 17 61 65 44 89 26 68 74 1 4 47 70 31 64 91 97 52 7 95 31 67 52 65 19 82 52 82 38 91 64 49 16 74 98 43 68 92 10 38 25 26 10 25 34 38 40 43 76 47 14 37 47 11 65 10
20 3
46 5 43 22 82 52 31 91 28 59 71 53 5 40 62 40 58 38 94 73
21 4
45 53 29 45 44 97 13 72 68 75 95 29 35 55 3 15 35 65 62 61 63
100 4
50 29 57 53 13 73 5 12 65 6 38 29 69 88 85 78 17 66 67 63 46 93 5 31 14 61 17 22 91 54 95 49 85 97 25 30 41 2 89 5 23 17 27 91 1 74 82 65 69 67 70 75 14 70 25 34 97 78 76 52 61 69 46 89 62 3 91 10 65 47 37 30 29 74 93 45 81 18 31 25 13 32 22 37 29 45 32 74 25 90 74 42 9 23 57 81 15 13 89 5
100 3
12 94 96 21 4 76 40 88 49 70 88 7 13 71 37 2 82 88 2 58 97 73 98 67 79 79 4 21 43 59 74 53 94 46 52 13 53 34 31 7 20 13 22 94 86 38 79 98 1 25 35 89 66 11 86 59 85 91 11 70 49 11 50 50 16 55 14 24 82 95 5 94 22 21 26 17 12 4 28 40 63 71 70 64 25 94 21 73 82 32 94 37 70 34 52 23 73 19 9 31
25 4
73 91 75 73 84 45 81 44 21 47 96 25 53 63 38 93 43 91 91 81 24 31 13 61 1
100 3
43 78 2 78 53 75 88 19 53 41 61 9 18 39 74 94 66 80 71 47 63 68 10 54 36 36 74 55 8 56 24 60 72 73 27 1 8 47 82 48 63 62 82 5 47 5 84 31 5 13 20 19 47 79 69 71 83 3 95 80 91 37 65 73 52 61 48 84 79 85 90 81 26 8 33 55 7 93 30 46 42 22 10 18 89 71 36 73 22 46 53 20 5 60 96 52 79 55 2 87
17 4
43 25 21 97 87 25 23 81 21 61 25 29 75 95 63 73 89
100 4
5 86 49 16 19 56 31 80 35 43 96 46 50 8 37 27 46 59 26 74 18 19 92 87 53 33 87 49 13 94 53 27 9 32 37 38 15 80 34 92 5 70 65 11 75 25 14 58 65 92 58 3 85 44 85 59 54 62 50 24 83 71 64 44 15 97 63 65 83 71 40 96 65 86 23 23 16 8 41 80 92 82 16 53 94 3 54 20 11 28 49 5 14 44 22 88 78 17 74 65
17 4
43 33 13 18 43 41 73 55 30 7 38 53 51 31 64 70 37
14 4
29 27 59 43 13 3 55 17 1 5 33 67 94 49
20 4
67 43 81 75 21 70 81 26 38 63 5 47 49 43 2 39 87 37 53 53
4 4
71 39 27 55
17 3
95 4 77 70 67 86 19 46 11 84 91 80 83 70 29 11 28
1 4
16
27 3
16 34 22 17 94 72 16 81 34 48 32 57 44 2 16 94 55 77 88 81 52 16 61 79 40 17 13
100 2
68 11 92 60 72 93 88 16 74 30 1 63 77 74 71 68 31 53 55 32 18 81 8 58 26 57 77 37 8 69 18 96 41 26 81 71 81 91 37 92 62 98 25 21 45 64 31 66 47 38 13 36 75 69 19 57 18 33 57 37 22 49 68 69 82 15 42 43 66 92 90 71 21 17 36 23 17 12 42 8 89 54 52 48 14 38 69 16 60 43 53 84 61 92 14 44 57 54 79 25
17 4
3 13 63 73 89 11 41 43 10 97 47 97 31 91 37 75 61
16 4
63 11 23 11 51 3 5 53 83 93 21 67 19 29 35 1
13 4
28 15 97 84 67 63 85 29 69 31 96 81 23
16 4
43 23 5 85 43 59 85 87 63 85 1 53 35 77 3 49
2 4
75 75
18 2
71 41 89 20 95 88 28 14 36 44 97 40 2 87 32 74 52 23
3 3
80 62 65
14 4
46 33 5 4 41 69 48 97 32 51 43 87 51 39
1 2
87
18 4
30 37 27 7 50 43 10 9 44 23 57 13 14 24 71 78 32 53
16 3
77 44 1 31 38 22 92 8 70 44 1 16 13 43 41 89
26 4
3 3 1 11 23 91 93 35 12 73 21 77 93 53 70 17 23 77 53 65 9 89 9 81 55 45
1 3
26
1 4
97
13 4
89 89 55 19 60 19 57 53 3 3 9 3 1
100 4
79 39 15 61 71 39 6 94 91 51 55 47 75 50 62 27 78 95 27 82 55 95 79 47 27 59 47 50 63 34 34 3 31 77 95 26 19 7 23 3 34 86 60 67 11 39 24 7 50 72 1 59 29 50 66 5 71 75 62 18 61 68 66 39 14 90 74 51 67 59 62 29 59 50 17 61 44 67 5 39 27 19 35 23 39 35 29 6 38 51 86 13 22 79 90 23 89 35 37 71
26 4
25 53 39 43 61 94 19 51 49 85 1 22 58 33 49 43 56 1 29 13 77 50 62 97 62 17
20 4
47 43 11 67 29 71 52 61 37 63 95 69 79 33 52 45 67 49 60 25
26 4
80 67 64 95 65 29 41 57 78 53 77 69 73 49 37 94 69 38 49 78 41 23 75 83 21 74
