100
4 3
4 5 6 4
4 2
4 5 6 4
3 3
1 1 1
100 3
32 73 31 53 89 68 38 53 56 78 38 93 77 73 29 49 80 75 50 23 80 17 29 23 41 89 7 11 32 67 81 44 5 35 46 61 53 77 49 9 28 66 26 71 45 55 65 47 76 68 55 58 61 17 74 55 21 86 71 98 58 52 83 65 74 60 32 80 59 2 62 29 13 10 14 54 54 29 62 44 35 92 46 32 53 62 7 4 51 68 27 67 43 13 24 44 65 24 67 77
100 3
54 14 83 10 26 29 83 11 53 58 11 91 91 86 4 73 71 41 46 85 32 1 83 74 93 45 90 62 40 70 77 8 80 31 59 83 65 2 56 26 53 20 7 80 85 2 52 63 83 86 44 36 77 67 71 8 10 38 47 15 28 8 28 29 40 61 56 17 65 76 95 54 79 51 22 89 81 50 69 11 26 93 91 40 56 44 71 55 2 58 86 8 16 80 98 5 74 53 40 80
3 3
23 56 29
100 3
38 71 89 98 36 35 77 7 69 74 16 26 92 19 47 20 20 38 32 34 4 47 5 23 61 16 47 75 8 11 11 30 88 43 88 50 52 56 50 88 28 56 92 95 16 47 44 32 47 98 25 22 11 83 65 44 36 74 20 65 41 73 55 19 39 18 32 77 53 74 56 28 52 56 80 73 77 68 74 7 59 2 82 46 23 95 17 14 52 26 64 86 22 83 72 41 80 85 98 42
100 3
20 92 11 32 40 47 17 58 68 3 55 8 38 29 83 41 43 95 41 29 68 71 83 34 59 35 85 53 28 80 26 71 83 85 56 83 68 65 91 72 19 15 32 80 26 11 93 74 2 11 94 32 51 58 2 37 27 20 41 95 59 92 9 29 14 50 5 18 86 64 53 24 74 26 84 20 80 68 78 85 16 80 61 29 49 53 17 71 23 26 91 59 44 47 88 74 14 92 76 7
2 3
71 5
1 3
60
100 3
43 59 83 50 25 92 68 38 59 70 11 26 94 29 33 59 4 23 53 11 8 7 56 85 80 5 68 15 60 36 35 24 7 74 86 59 25 90 41 29 20 14 95 55 97 89 5 56 23 47 31 92 21 59 95 49 27 62 94 74 40 62 50 90 89 77 94 2 1 17 71 13 74 29 89 47 38 71 77 97 68 77 28 50 32 86 2 52 25 38 35 62 50 36 82 26 68 29 20 62
100 3
53 93 14 8 92 37 25 86 47 56 84 65 51 8 95 35 22 28 54 38 74 26 8 25 28 68 47 59 17 76 67 92 62 8 83 59 74 29 51 68 89 34 24 68 47 74 11 92 71 29 58 33 61 18 3 17 93 86 69 53 69 16 5 47 29 71 28 37 37 53 5 65 80 91 11 49 77 29 16 4 71 92 20 35 22 83 38 83 35 26 90 62 79 56 29 80 64 31 73 83
100 3
59 97 1 10 67 92 85 82 91 65 26 77 74 61 49 86 11 72 98 49 89 62 85 92 94 86 59 11 20 84 62 73 92 57 38 59 47 97 39 62 32 29 52 65 62 11 62 98 44 7 90 83 4 49 86 26 20 2 50 98 97 82 56 37 46 22 2 91 35 61 94 7 4 95 44 42 95 92 21 13 71 14 74 82 79 85 50 8 53 92 56 53 25 83 34 41 62 98 86 47
100 3
13 71 17 85 72 26 94 3 68 31 53 16 22 80 17 41 52 17 65 26 3 5 97 47 50 88 14 68 80 94 44 98 86 44 56 62 61 32 98 61 62 7 80 2 14 77 71 66 22 19 59 78 19 41 77 46 47 34 14 70 98 83 17 12 97 71 83 5 72 51 29 55 92 29 83 39 41 13 7 65 17 35 74 47 46 29 19 38 44 91 44 58 94 32 82 1 14 71 32 95
18 3
85 56 87 13 31 59 50 5 5 91 49 79 47 53 77 88 37 50
100 3
76 46 93 79 85 4 43 67 58 37 37 96 58 22 62 95 43 49 23 66 13 43 28 98 4 25 44 55 97 67 23 25 16 67 88 88 58 59 72 69 56 6 14 74 5 10 10 66 67 47 47 70 67 67 55 62 46 14 68 37 50 16 76 8 56 71 4 67 82 67 95 33 24 17 4 33 58 19 65 52 15 22 26 22 6 56 40 7 88 64 17 62 19 73 22 46 77 23 79 94
100 3
23 16 58 91 85 19 38 16 83 75 61 30 91 28 97 2 65 67 37 85 23 55 29 61 52 85 52 49 44 64 52 44 1 37 68 74 67 18 4 64 27 35 40 82 20 16 30 55 66 64 88 86 61 59 31 72 77 34 39 13 77 32 67 59 43 1 46 84 56 42 61 68 20 67 84 66 95 25 70 7 35 76 25 43 37 6 20 91 34 27 55 34 49 62 64 58 43 65 61 2
1 3
55
100 3
19 22 95 28 79 8 13 49 94 61 67 70 67 97 42 62 37 10 1 43 16 55 32 62 82 79 59 58 26 22 2 83 8 91 33 23 31 29 3 34 87 91 47 32 5 86 50 46 58 46 41 10 91 88 55 46 89 43 25 34 39 35 73 28 62 14 92 34 64 8 47 58 43 97 58 58 14 38 24 40 76 21 76 64 68 10 70 90 34 28 70 55 11 23 2 8 35 89 86 27
100 3
23 40 22 73 1 43 44 31 49 55 96 14 46 89 10 19 47 31 46 32 68 10 34 44 22 40 14 32 27 56 97 2 91 59 40 82 40 37 67 25 11 4 10 97 29 5 11 77 62 46 34 4 38 28 70 5 77 1 52 85 37 10 92 88 94 73 94 52 81 97 49 40 34 19 58 17 4 52 65 28 40 80 37 66 67 8 10 31 83 19 28 50 49 64 61 50 17 37 55 56
100 3
73 44 35 24 92 83 41 80 31 59 41 63 46 79 16 98 35 95 13 78 74 29 7 35 50 41 80 32 86 20 81 77 34 2 70 94 38 50 16 1 95 80 26 20 19 41 83 43 50 98 8 38 92 52 25 74 79 14 92 8 68 17 12 53 83 31 65 26 65 62 71 86 35 33 13 89 86 2 50 23 83 2 40 19 87 20 40 1 23 74 68 23 17 50 13 74 85 35 29 44
100 3
25 73 88 92 97 71 62 47 66 29 53 17 17 17 7 71 26 29 49 82 71 44 19 70 11 29 31 86 85 10 77 59 44 21 41 34 94 94 43 20 26 32 60 68 73 13 9 68 44 47 14 49 41 38 19 47 26 71 86 82 34 44 35 49 38 59 35 92 89 47 65 75 41 52 74 71 22 86 65 49 15 44 14 1 28 95 80 10 88 68 90 44 97 98 32 2 53 29 49 80
100 3
7 34 7 70 31 5 70 13 85 37 10 64 49 82 74 67 77 44 17 34 71 91 19 8 34 11 4 2 28 79 58 58 67 58 23 25 67 8 68 13 34 62 31 41 77 67 74 83 34 13 35 85 95 97 17 74 52 25 2 88 44 64 13 97 23 37 92 2 67 7 94 34 71 77 70 53 11 68 58 43 65 43 56 98 5 80 83 91 76 65 47 41 98 91 80 10 92 13 92 53
100 3
94 22 80 73 81 30 96 55 21 35 80 52 10 7 68 45 59 5 40 64 41 52 82 97 46 25 8 70 1 61 95 28 33 77 70 88 95 79 10 11 19 28 97 43 97 88 37 68 73 7 40 68 17 44 73 76 73 67 22 66 38 22 16 10 13 31 73 37 97 40 82 52 23 91 60 36 95 95 95 92 49 6 85 43 59 88 46 73 7 64 56 38 49 44 13 2 22 47 53 85
100 3
44 20 64 67 16 48 79 62 94 43 74 65 87 97 67 41 14 19 62 76 31 77 40 22 61 40 85 26 5 43 52 82 23 44 46 4 85 10 20 16 25 50 28 88 10 15 55 28 41 11 67 82 97 23 25 88 8 41 73 33 58 86 37 49 40 46 46 82 70 80 40 58 7 30 52 83 62 64 35 67 68 47 7 44 84 81 37 56 55 1 67 56 8 53 67 44 4 44 67 61
100 3
26 56 82 94 11 32 37 15 52 83 56 23 32 8 37 14 62 2 68 80 56 15 14 13 35 80 56 40 74 46 22 86 97 55 73 74 2 46 68 14 20 95 29 53 62 23 5 94 2 2 92 89 32 46 44 94 86 26 88 42 11 14 63 38 74 20 14 14 17 53 95 8 59 29 98 23 74 34 53 17 59 8 35 35 40 66 96 56 29 92 53 16 62 92 84 5 97 85 86 74
100 3
80 64 98 53 85 25 82 80 4 82 12 67 37 96 52 30 93 61 46 32 46 31 88 33 91 38 55 79 9 22 37 84 49 58 76 76 24 50 7 8 52 44 94 55 85 46 40 73 77 34 56 10 47 86 94 85 63 54 61 1 58 94 97 74 58 85 97 29 29 61 1 74 58 7 21 66 50 39 10 52 56 35 1 70 28 82 51 98 82 70 86 55 58 53 82 24 64 19 10 11
100 3
36 94 23 19 13 19 86 17 49 13 49 56 1 91 31 58 29 31 43 95 4 17 81 37 82 70 34 70 95 76 52 38 55 52 13 12 55 4 73 88 52 31 13 19 8 79 49 43 19 73 22 49 67 34 14 52 67 15 71 28 14 10 11 5 61 73 76 85 7 31 73 83 92 57 13 17 5 66 37 65 40 44 4 7 7 33 43 1 9 56 81 13 34 22 77 43 86 76 67 17
18 3
28 43 51 93 39 92 64 34 36 64 77 59 84 14 98 11 46 86
100 3
61 76 25 77 15 25 67 17 56 98 64 98 95 79 91 89 32 19 64 16 65 37 79 20 71 55 43 16 11 85 10 95 19 17 41 7 35 56 85 91 7 19 91 61 95 21 91 58 68 52 7 37 44 46 77 40 61 28 79 25 40 2 14 31 47 86 67 2 62 46 58 61 91 61 77 16 52 47 7 38 71 71 34 88 1 79 23 31 79 90 42 49 64 49 53 36 81 21 49 41
100 3
85 37 44 43 88 70 63 77 26 73 52 19 1 97 27 77 4 58 85 62 71 92 91 41 76 88 14 67 29 44 59 1 17 85 91 4 94 58 61 52 91 89 38 76 46 94 32 11 19 85 4 85 67 19 4 52 30 79 41 41 19 68 10 52 71 79 4 1 97 90 31 67 77 52 76 61 37 22 28 40 67 9 65 70 61 86 7 25 14 61 7 4 97 55 14 56 67 25 94 74
20 3
18 50 40 46 50 79 59 23 47 52 76 97 40 2 52 29 61 25 76 95
17 3
79 38 43 92 59 79 76 89 4 50 13 47 10 67 25 2 32
100 3
34 11 73 81 82 83 23 65 76 97 29 6 56 68 8 17 31 86 90 86 62 61 7 38 71 47 67 26 32 31 48 86 41 55 76 89 61 88 11 20 14 23 38 11 50 2 68 17 3 98 60 58 33 92 60 2 38 35 90 26 80 50 4 95 47 77 36 66 67 92 70 80 91 65 59 40 31 79 35 74 25 14 65 88 89 91 49 2 17 29 5 2 70 98 83 91 43 1 25 23
100 3
38 70 3 30 88 7 29 46 78 98 64 61 41 25 52 52 83 19 64 33 58 77 40 25 46 13 44 17 7 56 38 76 59 43 13 17 19 91 16 7 91 64 26 88 16 81 52 7 91 70 31 28 2 21 68 62 50 4 44 10 72 97 31 64 28 4 88 20 91 59 67 71 62 67 92 52 75 56 56 61 8 5 42 31 83 4 13 94 23 86 32 50 31 61 46 61 76 73 70 18
100 3
94 10 76 30 37 25 22 92 4 56 36 76 76 28 56 73 56 2 67 58 41 25 52 64 48 28 25 46 98 56 22 74 4 47 10 23 44 25 1 34 23 86 19 94 91 57 5 61 79 67 70 13 62 14 61 59 97 1 15 16 94 5 44 26 86 26 86 52 30 44 85 49 41 80 76 46 66 93 48 52 41 55 5 28 88 49 77 23 7 46 4 40 77 42 86 83 14 12 70 67
100 3
53 41 95 4 29 2 28 65 80 39 68 41 56 2 49 47 34 80 97 17 8 8 34 56 32 35 86 59 65 24 33 42 83 19 47 18 22 93 41 45 24 10 50 53 32 2 80 59 98 98 34 26 54 41 88 89 50 16 82 26 88 8 11 66 46 87 12 59 68 73 65 35 73 7 95 89 83 32 53 14 24 49 96 35 25 5 55 2 62 54 32 86 50 80 92 86 54 59 47 52
100 3
22 19 41 32 37 79 94 31 13 80 10 16 33 47 56 85 31 97 65 55 70 91 7 49 55 52 43 10 58 7 48 4 40 44 3 46 94 41 62 46 97 4 96 53 17 86 20 74 76 24 68 98 7 85 59 19 96 55 46 22 42 4 10 63 40 53 23 70 54 76 48 91 48 43 55 7 90 73 20 82 76 19 4 58 27 43 55 50 13 86 77 41 24 46 98 73 17 91 10 69
16 3
83 51 46 15 94 39 55 37 96 65 76 14 89 19 26 8
100 3
79 23 77 32 47 68 62 20 13 18 62 17 26 13 91 31 13 50 95 80 38 28 17 41 20 98 89 35 23 82 80 5 83 7 53 25 8 86 44 52 44 32 79 40 53 26 50 11 80 95 26 26 6 71 14 5 58 47 74 73 95 76 13 11 24 62 47 17 50 50 27 76 12 98 73 4 17 46 29 53 1 44 49 26 8 92 80 73 95 38 18 18 41 80 92 10 42 58 20 67
100 2
42 50 60 61 91 31 79 53 53 25 1 63 98 12 31 38 24 34 24 66 78 16 89 21 78 25 50 83 17 92 88 32 47 14 53 8 62 98 9 32 27 84 70 16 78 60 59 77 43 76 9 60 3 61 44 55 52 4 49 13 91 50 25 38 3 17 27 82 66 1 66 31 63 48 3 86 39 15 71 57 17 49 30 40 41 2 46 28 44 29 47 22 34 37 35 86 72 31 17 90
1 2
10
100 3
25 50 19 91 50 97 77 20 52 26 61 10 44 67 8 17 28 64 61 43 23 38 52 19 23 98 43 88 91 23 95 67 44 68 41 74 97 25 14 4 14 79 68 31 76 16 28 71 35 86 44 41 14 26 38 47 44 59 97 61 41 73 16 1 20 62 74 22 23 20 71 58 41 97 53 85 26 79 94 5 53 85 61 37 32 31 11 74 1 37 32 52 8 14 85 82 10 43 73 52
100 3
18 3 32 65 76 23 4 26 2 41 78 67 74 86 56 5 82 11 29 87 20 71 29 50 37 29 98 47 13 92 38 5 10 98 20 56 52 75 47 98 32 65 28 5 43 40 11 11 67 49 20 2 35 86 34 31 19 80 47 34 29 21 26 73 28 77 15 98 27 65 15 98 68 20 5 14 74 77 68 69 65 4 23 80 13 22 97 62 40 21 58 55 14 50 38 48 92 38 3 29
20 3
46 92 5 20 1 29 67 62 29 40 41 20 91 11 55 44 34 77 92 65
100 3
17 50 77 71 83 61 11 20 40 53 32 26 79 71 11 34 71 84 92 47 41 56 94 77 51 19 53 92 5 20 52 23 44 91 44 93 26 17 5 4 74 2 89 41 92 16 77 2 2 43 40 86 29 23 4 95 62 17 89 83 43 50 58 74 7 57 38 83 18 17 29 86 98 65 29 61 82 37 79 57 82 2 24 14 41 77 67 18 14 83 2 92 67 35 80 1 13 71 92 65
100 3
32 94 53 32 7 2 44 2 11 70 29 68 89 56 2 88 89 45 26 20 89 25 53 37 26 54 29 41 8 34 44 74 85 66 55 77 89 69 28 17 61 98 93 88 27 42 38 19 47 40 8 68 40 92 91 43 23 81 29 98 74 35 77 79 71 45 6 65 4 2 50 21 92 62 57 46 53 77 38 59 41 34 47 71 32 64 23 50 59 43 85 53 53 45 78 86 95 66 46 89
100 3
68 87 75 92 42 94 22 22 73 76 61 40 53 21 27 52 61 31 97 9 49 62 95 80 85 31 94 55 4 19 46 73 88 19 38 28 56 50 18 95 64 85 5 16 19 88 20 58 64 88 62 97 79 82 73 18 34 60 70 19 19 40 61 6 50 3 16 94 6 86 81 34 13 68 34 7 55 86 79 29 95 29 77 73 7 46 21 53 61 65 55 19 88 97 10 94 37 97 68 74
100 3
61 85 19 73 82 79 58 44 67 49 55 78 10 10 16 3 53 55 31 44 47 34 16 19 59 73 94 1 89 46 91 70 25 58 31 7 95 9 31 42 88 53 13 25 59 49 97 88 38 70 97 28 37 97 69 5 62 61 73 32 40 48 92 43 3 87 34 56 79 91 53 55 45 76 74 76 8 62 72 55 15 86 43 61 4 53 49 37 67 49 96 37 7 85 22 4 36 55 64 60
100 3
56 31 17 43 82 64 19 29 61 59 16 61 26 56 55 62 24 1 43 55 34 94 49 66 50 73 4 83 32 34 78 55 28 64 25 12 7 58 91 41 17 46 40 25 58 52 87 76 67 70 4 62 76 47 19 94 48 86 25 22 1 75 65 52 79 68 85 41 95 20 68 12 25 85 8 3 55 97 89 79 2 15 70 22 85 97 88 19 77 23 79 86 13 94 70 94 4 22 46 67
16 3
16 55 32 23 4 23 19 53 98 40 32 8 17 44 31 2
100 3
67 95 70 34 21 13 65 10 65 44 85 80 46 70 1 87 83 4 31 26 1 82 7 1 24 16 74 82 28 4 67 62 95 55 46 50 1 2 86 79 46 40 44 2 74 18 46 20 1 17 28 40 49 9 88 80 48 54 20 1 4 41 81 21 19 31 62 25 91 58 14 14 61 85 25 80 4 4 76 38 80 25 58 19 51 76 82 32 17 92 59 32 46 16 94 13 44 18 65 58
2 2
83 93
1 3
38
100 3
62 28 70 2 38 34 45 28 98 35 37 31 19 58 28 35 73 15 62 7 29 91 32 77 27 35 92 32 23 13 47 91 48 68 63 92 12 62 41 64 18 78 2 93 38 59 40 41 1 29 59 47 25 20 52 77 14 68 92 26 80 5 95 73 63 2 29 32 71 8 11 33 68 40 52 35 77 13 1 80 5 7 85 47 47 98 61 43 77 77 68 82 29 80 46 62 74 77 59 38
100 3
2 23 68 86 77 26 37 87 92 57 14 23 72 2 45 83 46 2 74 17 98 38 1 44 49 68 87 16 68 17 92 81 86 71 3 58 25 60 5 35 17 70 65 1 41 94 7 56 92 1 62 34 6 20 96 20 98 32 71 98 23 10 5 34 95 31 74 2 68 7 71 64 30 76 85 18 71 29 35 89 98 67 97 14 60 92 29 59 56 84 32 33 56 26 72 83 61 27 95 45
100 3
23 92 17 84 15 86 89 2 14 73 74 80 83 41 88 89 71 7 1 87 30 44 23 79 8 23 41 52 26 22 35 31 9 20 21 76 32 89 42 4 26 56 90 64 77 20 77 8 62 43 16 52 68 2 23 16 11 13 94 92 88 35 17 31 1 26 1 80 61 65 2 58 38 2 17 7 46 71 2 26 85 94 86 35 86 43 68 59 94 26 52 86 56 92 65 29 43 6 39 8
100 3
40 83 87 59 26 55 33 20 62 27 55 41 59 20 13 10 91 50 55 67 32 49 70 50 58 82 16 36 28 17 97 88 57 32 49 88 81 59 91 10 80 74 63 88 73 91 16 73 67 31 25 49 98 32 5 71 2 91 73 10 18 32 70 16 14 4 81 13 8 18 59 63 78 29 94 52 26 94 76 7 21 64 88 70 72 8 4 5 13 22 61 58 88 53 20 62 34 58 91 76
100 3
5 59 62 38 38 65 65 32 44 93 94 59 53 89 21 45 26 66 50 2 11 67 55 61 22 14 56 32 74 2 86 90 94 71 50 15 43 57 62 32 85 86 86 92 29 62 17 40 34 2 11 92 30 77 94 77 8 8 2 65 64 59 38 67 54 58 61 16 56 41 95 50 71 71 33 86 60 60 44 53 28 29 5 15 15 29 32 68 63 14 64 83 76 59 22 56 71 74 22 17
100 3
61 74 91 16 44 76 13 91 6 52 34 97 4 16 4 10 46 64 89 83 60 50 52 56 35 40 52 7 31 43 73 95 55 66 71 26 37 22 83 33 20 21 97 73 49 17 83 77 18 17 37 17 18 10 37 10 20 81 85 46 52 62 55 89 76 59 80 73 31 17 76 47 46 37 98 44 82 88 58 74 90 40 22 22 48 94 61 8 16 86 34 85 97 6 88 10 25 68 34 74
100 3
38 53 38 66 42 20 41 59 29 23 41 50 53 23 82 90 5 8 65 61 92 8 85 71 10 95 32 13 30 77 65 65 9 14 35 77 35 56 60 44 63 23 86 54 35 5 73 1 68 26 59 59 5 20 11 42 74 2 76 45 1 26 95 35 83 73 23 11 92 44 8 20 21 5 65 5 5 2 68 58 83 51 39 8 98 43 65 85 95 4 30 93 85 40 52 89 97 89 94 66
100 3
83 87 61 13 58 73 26 52 94 83 34 61 48 79 97 13 19 1 22 9 47 98 28 38 16 47 47 92 17 67 52 2 2 77 4 52 88 61 20 11 77 79 45 97 34 82 82 82 74 94 25 46 37 39 97 58 12 71 34 38 67 65 49 34 45 74 75 28 66 14 71 97 28 34 47 27 35 68 57 35 23 17 52 1 1 89 58 22 35 68 19 11 20 54 39 4 10 49 83 88
100 3
98 13 22 28 46 62 41 15 56 8 60 58 32 23 76 41 38 78 5 41 35 46 42 42 31 98 65 8 53 35 21 41 44 38 58 62 14 14 25 11 98 5 42 47 58 9 39 29 49 76 26 91 3 52 17 89 67 35 29 26 53 67 9 92 38 19 31 92 92 13 43 61 32 86 35 4 17 19 20 38 14 8 11 89 53 35 4 67 53 58 74 13 32 28 12 56 71 4 41 84
100 3
17 26 77 49 50 46 26 56 47 84 28 94 11 20 44 4 80 18 5 77 14 92 32 52 44 32 11 22 47 61 80 56 5 56 41 52 25 29 41 83 89 91 79 86 22 58 36 7 68 56 11 55 25 37 37 75 42 4 8 80 14 32 38 28 31 10 32 50 77 28 59 71 41 4 71 96 20 88 50 92 56 57 48 14 55 44 47 27 62 58 7 44 28 45 74 45 5 49 31 95
23 3
86 64 61 59 28 89 96 58 26 35 55 61 43 37 19 49 55 31 64 7 7 68 82
100 3
66 76 40 83 34 52 67 22 4 7 52 31 41 81 73 46 52 88 56 40 37 46 67 78 91 70 4 58 46 22 43 64 51 48 91 42 62 29 69 26 97 68 46 61 32 54 32 39 80 46 65 45 34 64 22 5 25 44 64 73 31 31 31 70 23 68 72 31 94 17 85 46 64 70 83 30 16 37 16 67 1 76 61 58 3 79 19 55 2 89 29 71 43 74 49 58 31 19 14 25
100 3
67 52 55 19 80 7 46 23 59 40 14 73 38 27 58 13 86 9 96 55 53 22 52 15 64 59 17 67 46 22 65 85 82 43 64 79 88 91 61 10 28 89 91 67 79 98 37 88 65 89 1 64 52 59 38 1 94 8 40 32 79 75 74 63 88 73 4 76 9 47 7 94 49 31 28 71 19 31 19 75 74 7 45 88 73 7 34 76 7 50 49 10 58 89 67 91 4 46 22 34
100 3
31 59 6 76 61 89 13 94 61 35 55 70 69 61 92 81 2 13 28 1 13 64 98 25 13 91 61 52 88 7 41 83 4 31 74 46 76 94 44 56 58 85 4 46 40 62 13 82 88 89 35 24 4 91 22 50 97 29 73 29 57 64 67 27 4 91 90 45 48 85 49 52 19 43 80 80 22 89 62 37 7 59 41 13 91 73 56 87 79 98 49 64 58 68 16 22 74 47 1 4
23 3
64 67 41 87 37 34 66 85 89 60 11 86 37 33 64 19 16 25 43 68 17 88 28
100 3
11 1 83 93 29 64 5 73 50 49 2 47 16 4 9 90 35 26 15 14 38 70 83 56 34 35 72 26 88 97 8 92 32 74 20 40 29 4 40 32 41 16 65 26 37 43 67 44 20 49 86 2 83 82 66 69 7 56 74 98 26 5 86 47 61 45 56 46 38 17 88 8 74 49 85 76 62 98 62 98 79 86 32 62 53 86 94 68 29 85 95 74 46 55 80 87 79 56 25 41
100 3
68 73 86 34 7 86 10 59 20 31 2 4 6 12 32 61 88 59 15 10 81 13 51 23 55 12 23 38 42 23 73 5 84 43 72 15 31 87 84 68 31 82 28 58 3 82 20 33 76 3 61 90 32 92 58 75 6 72 12 20 46 46 41 8 86 17 54 96 47 86 89 54 65 94 35 15 55 54 30 66 70 90 4 91 30 3 76 97 41 20 83 7 33 4 74 58 35 81 45 35
18 2
25 79 58 58 71 34 5 22 74 57 61 69 52 98 94 73 22 18
100 3
16 64 56 83 10 92 50 26 68 4 26 74 5 85 2 20 98 65 64 43 97 1 90 76 26 28 71 20 44 31 74 19 7 67 73 22 26 56 39 10 20 95 84 44 17 44 38 63 37 73 9 24 98 92 65 11 95 85 7 86 65 65 72 45 62 47 73 7 37 41 80 28 21 78 1 17 35 50 40 98 62 2 82 33 39 58 86 80 44 83 83 83 65 53 58 98 38 5 95 62
100 3
75 70 13 74 19 1 71 37 4 83 65 43 49 79 73 91 59 35 77 82 79 61 73 57 34 1 73 46 51 57 40 22 28 57 70 82 7 98 88 52 59 67 8 32 25 49 61 19 62 22 88 76 32 28 16 28 37 50 1 46 53 65 28 70 88 54 64 23 47 16 13 64 2 54 55 64 52 73 10 48 85 71 5 83 44 92 40 19 17 67 68 77 70 91 89 28 22 62 60 85
23 3
31 4 32 37 7 45 77 46 48 80 41 41 31 9 90 68 70 53 59 49 59 50 8
100 3
97 55 49 1 28 86 70 70 53 7 20 22 89 52 20 88 91 63 46 91 37 66 28 52 31 55 35 3 64 19 2 55 91 50 37 76 59 94 34 70 85 7 91 34 84 82 77 19 78 1 23 71 22 64 16 89 88 25 26 50 67 7 7 59 2 55 61 16 10 11 96 44 34 49 49 79 67 62 4 56 94 7 38 98 55 25 36 96 27 73 73 98 61 40 27 22 81 98 23 69
100 3
46 48 1 61 7 43 91 61 52 9 23 40 86 5 33 22 89 73 64 47 3 58 1 10 34 49 16 23 13 79 71 79 34 82 83 81 72 40 25 46 23 36 1 86 11 56 31 97 13 70 57 12 95 4 76 43 35 11 81 43 52 80 43 40 25 83 89 97 85 82 97 97 40 4 35 35 16 61 70 70 62 14 51 16 76 7 84 44 14 79 4 60 7 86 58 97 86 28 73 17
100 3
28 94 58 98 58 65 29 23 35 17 23 20 40 28 79 18 49 69 25 49 78 29 19 23 59 88 11 62 79 10 83 5 79 5 46 49 25 42 53 28 79 88 28 89 13 72 76 73 19 1 22 63 64 41 79 52 58 1 55 6 73 55 26 2 28 64 79 46 55 6 19 79 25 62 61 74 61 31 23 74 79 77 50 98 64 76 33 82 84 76 46 46 11 55 23 94 57 10 43 85
100 3
52 56 10 35 43 82 68 7 37 67 78 50 97 23 76 46 55 92 77 21 88 30 43 30 85 13 66 69 77 73 79 69 92 9 95 88 42 75 37 88 13 91 70 91 79 74 59 19 97 35 95 58 88 10 91 51 28 7 53 5 35 67 25 97 20 73 25 43 42 58 75 51 23 56 56 23 51 72 53 10 31 92 34 19 4 88 25 52 66 4 94 8 61 49 73 97 26 14 11 65
100 3
68 62 29 34 20 69 44 70 93 67 74 17 32 74 97 83 61 23 65 71 48 57 86 44 93 24 87 28 49 68 28 48 52 8 41 52 23 23 53 88 70 25 38 57 33 44 64 30 4 41 86 40 3 22 2 62 84 73 49 5 41 34 23 80 62 23 41 95 83 19 5 63 61 96 47 13 19 10 50 91 56 8 11 56 22 2 53 32 86 16 27 95 44 82 24 23 95 20 40 5
100 3
73 55 25 37 28 76 70 49 74 86 23 28 26 60 62 7 58 22 49 95 50 10 97 19 54 52 87 73 31 40 73 40 91 89 95 82 76 25 79 26 16 45 89 28 25 93 89 13 22 98 79 48 64 52 85 1 98 60 70 97 23 13 20 1 22 40 49 15 58 70 80 91 29 17 88 8 91 92 14 7 79 85 76 7 76 4 66 11 40 71 34 40 55 89 55 45 18 70 95 86
100 3
1 42 54 8 25 88 89 57 92 58 25 27 12 88 47 13 11 81 4 6 26 54 63 60 1 19 49 19 69 82 78 88 73 1 43 7 47 94 10 80 71 95 44 62 98 88 22 73 64 44 58 1 40 67 31 31 17 46 20 58 85 25 94 80 79 4 14 47 34 56 61 85 91 70 43 94 72 49 4 35 94 88 49 23 2 31 34 55 93 67 40 8 37 22 92 55 70 73 15 19
19 2
98 1 56 63 5 68 56 70 7 86 15 26 45 46 63 50 32 83 89
2 3
52 7
100 3
92 52 88 94 10 73 36 76 40 49 94 64 8 38 7 12 97 22 62 31 94 30 2 82 88 7 34 79 48 61 76 28 23 45 43 59 86 51 52 14 92 94 86 55 72 79 38 13 16 65 43 46 85 38 62 97 77 1 70 2 67 52 7 97 68 33 49 40 76 62 79 88 32 84 58 70 56 47 37 46 32 71 53 4 34 98 28 52 55 48 6 3 97 80 55 97 33 48 52 48
100 3
58 85 28 49 31 35 61 25 80 17 77 52 49 28 87 95 28 73 59 5 35 7 47 28 22 58 34 71 94 82 85 22 79 16 89 85 83 79 79 4 12 22 87 19 37 25 93 92 61 93 21 4 55 14 25 97 18 19 28 96 8 40 13 50 88 20 92 52 64 52 94 58 72 79 19 16 95 38 20 91 80 76 65 45 43 46 5 97 13 43 28 22 19 7 81 19 61 96 88 97
10 3
37 20 29 10 59 80 76 73 17 52
100 3
90 8 77 2 17 77 50 11 38 14 71 19 52 94 80 96 80 56 95 71 35 19 50 8 2 23 17 73 34 91 12 20 52 62 90 35 86 60 67 80 8 71 67 68 73 50 2 21 94 93 92 58 61 29 41 56 62 23 80 7 86 94 2 1 94 89 25 88 31 35 83 77 74 19 97 67 49 5 2 7 43 41 46 12 20 50 25 8 14 38 58 44 89 16 32 7 69 83 16 94
100 3
14 65 12 67 55 71 32 44 49 8 70 36 98 52 94 92 73 47 35 98 60 11 38 16 67 50 45 1 89 43 79 23 88 67 79 5 2 56 26 41 11 53 47 41 39 25 35 65 92 24 28 85 71 83 77 17 77 86 89 23 23 85 30 2 87 89 27 95 52 80 93 85 17 86 4 50 23 8 77 34 41 5 95 64 59 8 38 23 52 65 29 47 23 58 23 60 74 43 19 62
100 3
65 41 80 6 36 20 74 16 23 56 23 22 23 59 36 47 19 65 49 8 15 61 95 8 78 70 19 82 74 20 48 26 20 10 54 65 2 16 11 83 70 55 15 71 80 74 74 23 71 59 88 20 77 49 17 31 65 23 9 83 88 7 62 5 18 53 4 37 50 63 44 92 98 44 96 16 83 70 8 98 6 73 51 65 70 5 59 17 72 20 94 34 44 98 38 50 69 53 22 71
100 3
97 92 22 41 64 74 92 13 15 38 59 47 83 59 73 81 83 53 11 82 59 89 41 19 7 26 98 95 62 71 44 50 70 30 71 28 61 59 77 60 77 14 29 42 49 41 63 38 19 70 20 44 60 41 66 4 23 8 4 68 60 43 98 72 44 80 83 42 53 95 22 40 68 2 26 6 22 68 54 40 85 58 71 32 11 68 23 26 10 68 27 35 52 61 85 10 92 10 31 36
100 3
4 29 47 92 77 46 65 80 26 43 23 53 32 95 37 92 73 35 62 74 65 17 85 77 56 74 56 68 87 14 76 2 13 46 44 15 64 8 21 17 35 43 82 83 7 41 52 59 44 54 89 72 65 89 9 66 57 98 70 49 94 28 15 43 17 94 82 65 14 78 95 56 58 34 62 35 38 83 58 55 98 40 31 73 32 95 4 61 61 68 26 43 79 10 74 60 7 15 83 92
100 3
65 76 91 70 79 9 55 49 89 55 79 82 70 28 80 36 10 97 61 97 70 82 76 50 82 46 10 92 89 38 54 16 68 79 27 10 46 35 62 64 46 79 28 94 32 3 12 88 4 76 10 92 37 73 91 82 28 68 1 43 52 69 91 16 4 70 67 91 13 49 68 14 91 85 23 31 94 64 94 89 34 61 31 28 70 25 79 37 46 70 79 92 49 7 20 49 52 19 79 14
100 3
55 1 4 28 40 52 32 7 27 28 7 25 84 79 47 73 85 50 46 70 24 59 86 40 59 22 77 88 79 22 60 37 88 91 89 8 62 83 95 31 28 60 88 82 94 52 73 70 76 89 79 26 7 1 87 55 34 94 18 61 65 44 31 13 91 31 10 80 79 64 23 46 51 92 82 38 85 56 58 68 19 97 52 31 43 79 4 10 62 85 82 1 52 88 71 92 74 91 64 46
100 3
26 62 97 18 32 91 14 29 73 21 74 85 74 20 68 23 14 16 38 98 59 6 65 63 71 24 62 32 98 39 14 8 12 91 5 8 17 26 38 56 41 65 19 59 63 95 39 82 82 40 71 59 93 86 50 32 97 89 14 20 50 65 77 32 38 80 40 74 30 11 23 20 20 47 4 77 82 52 20 80 47 4 62 29 67 75 81 50 17 35 32 62 56 95 83 54 98 89 35 26
100 3
34 1 80 2 4 40 78 34 37 53 28 61 69 64 54 97 41 24 41 69 90 25 16 23 10 73 10 62 7 80 76 67 77 49 68 82 43 1 40 7 82 25 58 37 19 16 94 5 77 27 16 34 94 41 49 29 67 22 70 10 65 89 83 67 65 82 70 50 85 13 37 88 22 25 33 7 4 91 10 83 4 25 28 61 97 94 25 70 94 73 19 33 85 52 96 94 82 62 68 73
1 2
39
100 3
26 11 94 57 67 50 52 76 64 1 55 70 86 67 94 58 73 76 34 24 26 93 1 5 43 8 34 70 89 15 51 37 67 98 22 16 90 44 34 8 70 86 70 97 19 31 64 70 67 95 97 97 7 15 91 53 92 39 79 28 79 7 68 41 8 74 36 19 34 70 43 41 61 62 13 43 38 49 35 88 27 77 68 43 52 46 14 94 70 11 14 25 52 98 15 88 46 19 31 85
100 3
83 64 38 38 80 11 20 58 54 35 67 44 16 92 68 27 60 89 16 56 53 14 68 79 49 83 74 92 41 77 47 30 67 19 92 26 52 17 5 77 41 74 67 40 25 35 22 14 74 80 33 95 59 14 12 47 80 31 38 5 29 47 65 65 14 75 31 92 50 74 59 56 65 74 32 80 89 35 47 74 8 29 37 29 62 29 40 79 47 90 24 83 85 28 4 5 52 39 68 97
17 3
71 70 25 14 27 23 25 59 76 4 1 77 98 55 77 40 89
