100
3 4 0
17 3501 4275
10 -3 1
2 0 0
8 -4 0
13 0 0
20 0 0
19 0 0
4 1 1
11 4 0
2 -2 0
5 7057 5023
12 4 0
4 1 1
4 0 2
16 0 0
12 1 3
7 2 0
7 -2252 0
19 -6 0
17 0 0
9 0 7092
3 1 1
14 0 4
20 6252 9272
2 0 3578
1 4 0
14 4 0
19 8017 3533
5 0 4
9 0 0
5 0 4
14 -3 1
2 -2 0
10 3 1
19 6 0
5 1 1
13 0 4
1 0 2
12 -2 2
1 0 2
4 0 3812
9 0 0
10 -1 1
1 0 0
4 -1 1
18 0 0
7 -2 0
20 3 3
18 -1 1
12 0 0
6 0 2
19 5 1
13 -1 3
16 -4 0
11 -7074 0
17 0 0
15 -1 3
11 0 0
11 0 4
5 2 0
20 -4 2
13 0 4
10 -3 1
19 -3 3
10 2 2
1 0 2
6 0 2
6 4 0
17 7522 0
2 2 0
20 -2 2
1 0 2
12 0 0
9 2 0
12 544 7446
13 0 0
6 -4 0
16 -2 0
11 -4 0
8 -3 1
3 1 1
14 3 1
5 1 1
6 4 0
20 -6 0
15 2367 4715
14 -1 3
19 0 2
11 -1 1
1 0 2
14 0 0
19 1289 3987
13 2 2
4 1 1
11 -3 1
20 0 9524
15 4 0
10 2 2
13 9025 7391
