100
100 500 10
22 449 46 468
64 12 95 147
43 39 50 207
74 214 78 320
56 56 60 76
27 417 59 429
18 227 47 239
64 282 67 305
83 153 88 352
52 296 58 374
100 500 10
0 1 69 3
32 6 99 8
0 11 86 11
21 14 99 15
0 17 86 19
9 21 99 22
0 23 90 24
23 26 99 27
0 30 71 31
34 32 99 33
10 10 10
6 0 6 0
4 1 4 1
5 2 5 2
9 3 9 3
2 4 2 4
8 5 8 5
1 6 1 6
3 7 3 7
0 8 0 8
7 9 7 9
44 94 2
25 20 38 57
30 64 32 79
10 10 10
0 0 0 0
2 1 2 1
9 2 9 2
8 3 8 3
6 4 6 4
4 5 4 5
5 6 5 6
1 7 1 7
7 8 7 8
3 9 3 9
25 482 1
0 102 24 412
100 500 10
55 205 86 390
62 424 66 459
1 96 43 443
26 476 75 493
49 15 61 21
89 17 93 296
51 146 63 204
48 86 83 102
45 201 49 348
93 372 96 499
68 169 6
26 52 66 63
1 110 13 154
38 92 65 135
11 70 12 107
24 23 41 48
47 64 62 83
100 500 10
34 296 39 365
23 446 97 496
73 58 78 193
49 137 55 345
56 120 57 309
58 328 97 438
17 39 58 109
13 136 46 179
21 3 93 9
6 222 20 302
100 500 10
38 171 42 427
53 174 53 308
8 247 23 376
72 223 78 402
20 159 76 169
0 214 6 268
82 281 83 325
2 17 6 168
3 398 23 444
66 59 77 141
61 469 9
13 56 44 63
5 271 17 436
19 269 37 282
6 21 10 25
36 71 48 123
8 207 47 217
5 69 9 70
37 325 41 341
23 124 37 158
10 10 10
0 0 0 0
2 1 2 1
7 2 7 2
4 3 4 3
1 4 1 4
9 5 9 5
8 6 8 6
6 7 6 7
5 8 5 8
3 9 3 9
100 500 10
0 1 55 2
43 3 99 3
0 4 54 6
17 8 99 9
0 12 74 12
31 14 99 14
0 15 79 15
33 17 99 18
0 21 77 21
17 22 99 23
100 500 10
0 1 97 1
5 4 99 4
0 7 89 8
36 9 99 9
0 10 74 10
47 13 99 13
0 14 98 15
11 18 99 19
0 21 72 21
44 22 99 23
87 370 1
0 30 86 56
42 381 3
30 21 36 47
10 156 30 272
9 96 20 140
86 442 7
14 163 56 235
15 350 56 364
37 11 80 15
33 290 84 298
50 259 60 287
0 52 60 63
65 82 72 98
91 411 4
13 0 21 2
32 18 47 325
8 293 27 310
78 59 79 82
81 393 5
0 162 20 222
21 222 65 324
66 38 75 222
76 157 77 222
78 148 80 157
40 420 8
2 210 7 366
18 329 24 390
12 198 20 216
9 83 26 104
30 40 36 224
28 310 39 328
36 2 38 10
23 249 26 320
100 500 10
48 33 91 212
39 237 45 417
51 281 79 454
22 16 28 484
46 457 64 476
1 147 9 405
56 481 86 499
32 312 38 364
95 5 96 444
17 10 18 429
10 10 10
0 0 0 0
4 1 4 1
9 2 9 2
2 3 2 3
8 4 8 4
6 5 6 5
1 6 1 6
7 7 7 7
5 8 5 8
3 9 3 9
100 500 10
10 76 66 463
78 25 86 33
68 298 90 471
78 155 79 161
69 189 99 242
32 38 60 39
61 16 73 59
8 29 23 40
70 84 74 109
92 377 92 457
100 500 10
7 247 25 393
66 305 75 411
29 51 50 334
53 96 73 244
76 77 84 173
14 86 22 237
52 28 57 86
50 433 78 457
39 478 92 493
59 20 60 50
33 443 1
5 61 15 336
6 378 0
72 281 2
49 101 60 222
28 217 46 253
61 92 3
27 69 34 83
32 22 46 44
0 4 28 58
4 29 0
59 207 4
21 104 54 119
23 171 29 201
19 13 51 75
3 14 3 122
76 161 0
99 352 1
6 135 12 338
41 232 8
23 100 36 222
14 63 17 209
21 35 36 96
0 83 7 106
0 10 35 30
0 130 4 135
6 178 6 178
7 134 12 231
22 85 3
0 15 5 33
6 33 20 62
21 33 21 57
15 161 6
0 94 5 96
6 94 6 139
7 45 11 94
12 10 12 94
13 10 13 84
14 10 14 154
10 10 10
4 0 4 0
5 1 5 1
8 2 8 2
9 3 9 3
0 4 0 4
2 5 2 5
7 6 7 6
3 7 3 7
6 8 6 8
1 9 1 9
100 500 10
4 106 84 474
91 402 95 454
73 53 96 90
20 11 44 50
86 98 93 256
3 220 3 284
61 57 71 94
69 487 99 495
31 61 48 77
88 410 89 437
58 239 2
13 98 38 167
16 209 57 227
81 284 6
42 27 55 265
24 27 39 158
11 22 15 151
55 4 72 22
3 93 6 208
63 34 63 185
60 116 7
0 17 26 100
27 51 34 100
35 95 51 100
52 25 54 95
55 95 55 107
56 27 58 107
59 27 59 94
63 270 10
36 51 46 152
58 78 62 218
47 167 48 218
19 250 20 255
21 77 23 182
3 137 5 215
49 107 50 255
36 235 43 240
7 260 17 261
55 153 55 250
100 500 10
12 345 64 401
8 25 29 51
1 160 29 177
4 181 7 350
65 223 97 312
34 92 52 131
18 219 41 325
37 410 74 499
80 412 96 419
53 112 65 183
78 285 10
0 43 13 43
26 43 39 43
65 43 77 43
12 90 64 90
0 137 13 137
16 137 29 137
65 137 77 137
11 184 63 184
0 231 13 231
19 231 32 231
31 292 6
1 27 15 104
2 275 6 279
24 7 26 8
21 73 25 155
11 227 29 243
13 184 16 211
58 123 7
0 43 29 52
30 52 42 120
43 15 48 120
49 111 51 120
52 74 55 120
56 56 56 74
57 4 57 56
51 256 10
0 39 8 39
14 39 22 39
43 39 50 39
6 81 40 81
0 123 8 123
12 123 20 123
43 123 50 123
9 165 43 165
0 207 8 207
12 207 20 207
38 371 9
19 136 36 211
15 13 30 128
4 208 12 326
4 106 6 207
7 153 13 163
14 242 24 269
19 328 29 361
14 300 17 353
27 220 32 282
30 279 1
0 94 29 170
37 392 1
24 323 32 386
74 90 10
35 0 42 2
41 15 68 83
22 17 35 53
39 8 43 10
16 12 17 87
9 61 9 74
16 1 17 8
2 6 8 33
19 62 29 74
13 34 14 49
61 165 0
33 265 10
3 7 23 220
28 113 30 144
25 103 29 112
25 45 28 54
18 246 26 262
27 148 32 162
0 87 1 92
2 252 8 263
2 235 4 237
27 197 32 259
100 96 0
100 500 10
0 140 58 203
9 257 82 419
22 18 43 119
88 215 90 387
86 82 96 96
44 33 85 57
13 92 21 125
45 467 93 475
91 245 91 254
93 275 97 411
18 490 3
1 36 3 61
4 319 9 441
0 110 8 318
86 389 10
0 63 14 63
24 63 38 63
72 63 85 63
9 127 66 127
0 191 14 191
25 191 39 191
72 191 85 191
9 255 66 255
0 319 14 319
23 319 37 319
100 500 10
40 216 45 406
53 403 70 479
10 13 25 142
27 176 63 205
77 120 79 188
53 232 56 379
71 440 87 453
33 94 38 104
57 258 59 281
46 316 52 480
100 500 10
16 125 97 167
11 175 84 489
56 8 80 45
29 11 31 79
16 39 18 102
5 97 10 470
88 306 98 422
58 80 84 108
41 11 44 24
4 93 4 479
68 441 10
0 73 11 73
17 73 28 73
57 73 67 73
8 146 53 146
0 219 11 219
20 219 31 219
57 219 67 219
11 292 56 292
0 365 11 365
15 365 26 365
95 186 8
26 23 90 84
14 120 24 144
23 94 39 115
26 152 57 181
71 158 86 171
65 102 67 132
1 99 9 154
41 139 75 142
82 22 10
5 9 21 12
33 10 49 18
0 19 31 21
61 5 63 9
60 14 75 16
57 12 59 15
27 4 48 6
8 8 60 8
64 6 68 10
9 2 23 6
100 500 10
45 0 86 130
11 238 91 396
9 32 17 208
32 441 46 488
53 402 83 497
0 212 9 329
71 137 80 150
4 422 19 430
44 189 86 220
26 39 43 115
37 25 1
0 6 36 12
100 500 10
20 10 28 485
75 133 78 438
29 145 29 384
53 281 63 347
55 398 60 492
88 240 89 399
15 328 16 353
79 304 83 491
59 132 70 238
36 194 46 194
100 500 10
16 141 37 294
45 61 67 349
68 136 78 294
43 466 69 493
21 301 37 431
50 363 85 449
73 57 95 95
44 12 72 37
98 108 99 252
82 156 96 249
10 10 10
8 0 8 0
9 1 9 1
2 2 2 2
3 3 3 3
1 4 1 4
0 5 0 5
4 6 4 6
5 7 5 7
7 8 7 8
6 9 6 9
10 10 10
6 0 6 0
9 1 9 1
2 2 2 2
5 3 5 3
8 4 8 4
0 5 0 5
7 6 7 6
1 7 1 7
3 8 3 8
4 9 4 9
100 500 10
1 104 64 279
65 88 72 196
8 397 37 403
15 304 70 392
61 405 64 462
85 137 97 280
17 55 70 80
66 482 77 491
54 413 55 499
12 7 19 44
35 195 1
3 69 7 124
25 376 8
0 146 14 287
17 305 18 375
14 32 16 54
0 318 0 353
1 43 13 121
17 35 19 298
5 300 13 341
21 69 22 313
100 500 0
10 268 1
0 68 9 189
100 500 10
0 1 71 2
31 4 99 4
0 5 53 7
41 9 99 10
0 13 85 14
9 16 99 18
0 20 82 20
28 22 99 23
0 26 93 27
33 29 99 29
10 10 10
6 0 6 0
0 1 0 1
3 2 3 2
8 3 8 3
4 4 4 4
5 5 5 5
7 6 7 6
1 7 1 7
2 8 2 8
9 9 9 9
100 500 10
0 1 77 3
6 4 99 6
0 9 81 9
16 10 99 11
0 14 80 14
34 17 99 19
0 20 70 20
12 23 99 25
0 27 59 28
29 29 99 30
13 388 6
11 137 11 328
3 135 9 174
0 169 2 301
6 340 10 355
4 32 12 89
4 227 9 242
16 124 5
1 5 6 97
9 2 11 9
11 41 14 51
0 65 0 70
7 17 8 39
13 257 1
0 127 12 198
72 54 10
51 0 70 16
27 4 28 30
15 37 55 47
54 28 58 36
7 23 11 32
29 14 35 28
66 22 69 25
36 16 43 24
22 3 22 3
18 22 23 34
100 500 10
50 150 91 221
8 9 24 117
0 172 48 291
87 326 97 377
78 269 81 307
9 308 28 492
37 308 71 455
37 90 48 171
5 134 36 159
31 60 33 128
100 500 10
5 91 18 410
27 82 88 236
62 337 79 425
0 415 24 443
57 3 68 77
85 254 87 391
33 310 51 441
88 29 93 49
47 282 56 301
26 272 30 452
22 315 1
0 8 21 141
100 500 10
0 1 75 1
44 4 99 4
0 6 73 7
26 8 99 9
0 11 79 11
29 14 99 15
0 17 88 17
44 20 99 20
0 23 97 23
5 25 99 27
100 500 10
36 244 61 282
15 48 15 323
49 395 85 407
61 155 88 206
1 329 34 360
55 131 66 143
61 344 70 390
11 68 11 298
35 199 36 233
28 97 45 113
3 282 1
0 43 2 182
10 10 10
9 0 9 0
8 1 8 1
7 2 7 2
1 3 1 3
4 4 4 4
5 5 5 5
3 6 3 6
6 7 6 7
0 8 0 8
2 9 2 9
99 121 9
90 18 93 40
52 65 72 66
9 7 41 43
20 55 26 80
42 51 69 54
60 69 78 85
0 91 1 117
75 61 87 62
2 25 5 50
100 500 10
20 56 61 217
72 388 93 407
23 267 52 492
4 216 15 312
75 82 85 106
63 235 69 463
1 350 6 459
76 296 89 313
68 183 88 216
24 37 49 46
76 137 10
41 30 62 110
10 45 10 49
46 0 57 23
19 70 26 112
8 119 48 127
14 30 27 53
2 96 12 100
52 112 65 129
1 74 6 79
31 106 35 114
85 266 5
0 37 22 146
23 146 63 179
64 24 80 146
81 24 83 81
84 24 84 46
10 10 10
9 0 9 0
6 1 6 1
5 2 5 2
7 3 7 3
2 4 2 4
8 5 8 5
3 6 3 6
4 7 4 7
0 8 0 8
1 9 1 9
100 500 10
0 1 52 1
48 3 99 5
0 6 66 8
38 10 99 12
0 15 53 17
14 19 99 20
0 23 50 23
48 26 99 26
0 29 56 30
20 31 99 33
100 500 10
2 278 99 449
16 489 28 489
56 171 95 226
21 104 69 109
44 127 94 165
9 484 55 487
25 50 25 51
20 201 36 266
46 45 95 56
65 5 91 12
30 123 1
17 83 21 94
95 476 10
0 79 15 79
30 79 45 79
80 79 94 79
13 158 76 158
0 237 15 237
26 237 41 237
80 237 94 237
19 316 82 316
0 395 15 395
16 395 31 395
100 500 10
35 21 55 454
71 50 73 254
85 3 88 497
76 361 84 424
2 329 30 450
9 80 12 162
63 334 72 439
59 42 60 363
92 253 98 435
21 78 32 148
34 334 8
10 75 16 236
21 58 24 147
5 18 24 33
0 87 7 104
11 270 29 290
7 261 21 264
22 38 25 56
24 204 31 223
39 32 1
0 19 38 21
100 500 10
4 197 52 225
29 103 86 179
8 248 87 257
40 307 94 326
39 414 88 440
42 3 54 59
6 274 20 490
61 69 82 101
95 315 95 480
28 340 71 383
75 375 10
0 61 12 61
23 61 35 61
63 61 74 61
15 123 65 123
0 185 12 185
18 185 30 185
63 185 74 185
9 247 59 247
0 309 12 309
18 309 30 309
