100
15 1 1
5 3 13
16 1 1
7 2 7
4 4 11
15 1 8
2 2 0
16 1 9
16 1 8
1 16 8
15 1 0
4 4 8
2 3 6
3 5 10
2 2 4
2 7 0
3 5 1
5 3 2
3 5 6
5 3 15
3 2 2
15 1 13
16 1 16
5 3 14
3 5 5
3 4 12
3 5 13
3 3 7
5 2 3
5 3 12
3 5 8
4 3 11
15 1 6
1 16 16
5 2 9
1 15 7
1 4 1
3 5 12
1 8 0
5 3 11
5 3 0
1 9 6
5 3 8
6 2 6
2 2 2
5 3 1
2 7 12
2 5 2
3 5 0
1 16 1
3 5 2
14 1 11
1 1 1
8 2 2
1 5 2
8 2 12
1 16 9
4 4 0
5 3 5
2 5 8
3 5 14
1 15 0
3 5 15
15 1 15
3 5 9
9 1 6
3 2 5
1 15 15
5 3 10
4 4 16
1 16 7
7 2 11
5 3 4
4 4 7
3 5 7
2 3 0
3 5 3
1 15 8
5 3 6
1 15 1
5 3 9
12 1 8
3 5 4
1 1 0
5 2 0
1 15 6
3 5 11
5 3 7
8 2 14
16 1 7
1 16 0
4 3 12
15 1 7
2 5 3
16 1 0
4 4 9
5 3 3
2 3 3
1 4 0
4 4 1
