100
9 1 9
2 5 10
16 1 12
9 1 6
7 2 6
1 16 16
4 2 6
3 5 8
15 1 6
2 3 5
3 5 12
15 1 8
2 3 2
3 4 12
4 3 12
1 15 8
5 3 4
5 3 5
3 5 5
5 3 11
5 3 13
15 1 7
2 7 12
5 3 2
1 15 6
2 2 3
5 3 0
3 4 8
2 6 7
7 2 13
1 16 9
3 5 10
3 1 1
5 3 7
16 1 8
5 3 9
5 3 10
5 3 8
5 3 15
3 5 15
7 2 9
5 3 12
5 3 14
1 15 1
3 5 0
2 5 6
2 8 9
4 4 7
3 5 2
3 5 1
16 1 9
1 16 8
4 2 0
1 16 0
6 2 8
1 16 1
16 1 7
1 9 6
4 3 10
5 2 5
3 5 9
1 1 1
1 15 12
1 16 7
3 3 5
1 15 7
3 5 11
3 5 13
1 15 15
3 4 10
2 7 10
3 5 6
5 3 6
3 4 9
2 3 1
2 5 9
15 1 0
4 4 16
4 4 9
3 5 3
4 4 0
1 4 2
4 4 1
16 1 16
1 1 0
5 3 3
15 1 15
1 15 0
15 1 1
4 4 8
5 3 1
3 3 9
6 1 3
3 5 7
16 1 0
3 5 4
1 16 10
3 5 14
16 1 1
2 2 4
