100
4 4
1.4000
0.5000 0.7000 0.8000 0.6000
2 2
1.0000
0.0000 0.0000
2 2
0.0000
0.9000 0.8000
2 2
0.1000
0.4000 0.5000
50 50
1.0000
0.0000 0.0000 0.0000 0.0000 0.0000 0.0000 0.0000 0.0000 0.0000 0.0000 0.0000 0.0000 0.0000 0.0000 0.0000 0.0000 0.0000 0.0000 0.0000 0.0000 0.0000 0.0000 0.0000 0.0000 0.0000 0.0000 0.0000 0.0000 0.0000 0.0000 0.0000 0.0000 0.0000 0.0000 0.0000 0.0000 0.0000 0.0000 0.0000 0.0000 0.0000 0.0000 0.0000 0.0000 0.0000 0.0000 0.0000 0.0000 0.0000 0.0000
50 50
0.0000
0.9999 0.9999 0.9999 0.9999 0.9999 0.9999 0.9999 0.9999 0.9999 0.9999 0.9999 0.9999 0.9999 0.9999 0.9999 0.9999 0.9999 0.9999 0.9999 0.9999 0.9999 0.9999 0.9999 0.9999 0.9999 0.9999 0.9999 0.9999 0.9999 0.9999 0.9999 0.9999 0.9999 0.9999 0.9999 0.9999 0.9999 0.9999 0.9999 0.9999 0.9999 0.9999 0.9999 0.9999 0.9999 0.9999 0.9999 0.9999 0.9999 0.9999
45 45
16.7951
0.1060 0.8934 0.8921 0.4184 0.3662 0.3357 0.9846 0.6953 0.1429 0.7464 0.1132 0.6805 0.6479 0.0149 0.1972 0.3694 0.4607 0.7176 0.1157 0.6643 0.8485 0.0329 0.2182 0.5037 0.7323 0.4790 0.7399 0.7417 0.0942 0.4436 0.1879 0.6063 0.4446 0.1595 0.2115 0.2523 0.2522 0.3488 0.4281 0.5885 0.2814 0.9991 0.9442 0.1748 0.3494
4 4
0.0001
0.0000 0.0000 0.0000 0.0000
49 49
20.3783
0.3925 0.8089 0.5058 0.4772 0.3370 0.5876 0.3328 0.5675 0.6653 0.9464 0.0725 0.1225 0.3689 0.6852 0.6043 0.3810 0.1964 0.7695 0.3542 0.3649 0.0692 0.5539 0.7840 0.0782 0.0738 0.5386 0.1233 0.1794 0.8155 0.5997 0.7091 0.8786 0.0986 0.1709 0.5132 0.2309 0.6604 0.4212 0.5811 0.2015 0.5849 0.6703 0.3757 0.3233 0.4299 0.3166 0.9228 0.8773 0.4139
50 50
21.1538
0.8310 0.4190 0.3226 0.2657 0.4583 0.3765 0.6396 0.1927 0.5387 0.1967 0.8343 0.9067 0.6349 0.8240 0.3631 0.1415 0.4670 0.3547 0.9853 0.6325 0.7416 0.3785 0.6377 0.7844 0.4104 0.5294 0.7387 0.0648 0.2943 0.8135 0.0706 0.8455 0.4621 0.5038 0.3800 0.2272 0.0578 0.8092 0.0134 0.6825 0.2061 0.5799 0.2142 0.8702 0.4491 0.2334 0.1286 0.6157 0.0504 0.6769
50 50
33.3350
0.3333 0.3333 0.3333 0.3333 0.3333 0.3333 0.3333 0.3333 0.3333 0.3333 0.3333 0.3333 0.3333 0.3333 0.3333 0.3333 0.3333 0.3333 0.3333 0.3333 0.3333 0.3333 0.3333 0.3333 0.3333 0.3333 0.3333 0.3333 0.3333 0.3333 0.3333 0.3333 0.3333 0.3333 0.3333 0.3333 0.3333 0.3333 0.3333 0.3333 0.3333 0.3333 0.3333 0.3333 0.3333 0.3333 0.3333 0.3333 0.3333 0.3333
2 2
0.0000
1.0000 1.0000
2 2
0.3333
0.0000 0.0000
49 49
17.1066
0.2137 0.4639 0.6134 0.1719 0.5793 0.1561 0.3463 0.5014 0.2733 0.1934 0.8523 0.5707 0.5306 0.1326 0.3005 0.6780 0.9880 0.0426 0.7970 0.4273 0.0620 0.8874 0.3319 0.7712 0.9900 0.8929 0.1399 0.7759 0.9948 0.0250 0.2762 0.0556 0.8738 0.7038 0.4391 0.0573 0.3823 0.5911 0.8325 0.1433 0.2920 0.5038 0.5639 0.3120 0.4438 0.7996 0.5971 0.9721 0.8672
50 50
0.0000
0.0000 0.0000 0.0000 0.0000 0.0000 0.0000 0.0000 0.0000 0.0000 0.0000 0.0000 0.0000 0.0000 0.0000 0.0000 0.0000 0.0000 0.0000 0.0000 0.0000 0.0000 0.0000 0.0000 0.0000 0.0000 0.0000 0.0000 0.0000 0.0000 0.0000 0.0000 0.0000 0.0000 0.0000 0.0000 0.0000 0.0000 0.0000 0.0000 0.0000 0.0000 0.0000 0.0000 0.0000 0.0000 0.0000 0.0000 0.0000 0.0000 0.0000
47 47
18.6147
0.5419 0.0002 0.5007 0.3259 0.2313 0.3926 0.9055 0.0800 0.7695 0.1272 0.2531 0.7905 0.6689 0.8139 0.9310 0.2259 0.3678 0.8267 0.8641 0.6785 0.4465 0.1216 0.6733 0.3811 0.7664 0.3224 0.8394 0.9596 0.2301 0.3113 0.9537 0.7796 0.6013 0.3537 0.1999 0.5366 0.2874 0.1128 0.8269 0.0669 0.1123 0.7244 0.8397 0.4756 0.4992 0.0581 0.1487
48 48
16.3189
0.3777 0.5395 0.9756 0.2262 0.6248 0.8406 0.6706 0.8350 0.5683 0.8307 0.5039 0.0837 0.7435 0.6769 0.5726 0.5690 0.4387 0.1662 0.9039 0.5694 0.5368 0.5967 0.7900 0.8323 0.6938 0.0461 0.4013 0.5372 0.5349 0.2345 0.1752 0.4030 0.1012 0.9125 0.8644 0.5948 0.4607 0.5325 0.3365 0.9006 0.8544 0.7147 0.9447 0.1232 0.1295 0.5507 0.0415 0.1845
49 49
2.2603
0.2017 0.3850 0.2062 0.4581 0.4606 0.7961 0.7809 0.1679 0.3106 0.7444 0.6047 0.6857 0.1160 0.5509 0.1762 0.0739 0.5347 0.8491 0.6873 0.7213 0.5165 0.7001 0.8691 0.4856 0.9229 0.8561 0.5337 0.8378 0.8354 0.4795 0.7932 0.4379 0.6942 0.2831 0.6125 0.5154 0.7694 0.3545 0.4266 0.2235 0.7481 0.2368 0.7064 0.0706 0.1329 0.5352 0.2869 0.0852 0.5095
50 50
0.0000
0.3333 0.3333 0.3333 0.3333 0.3333 0.3333 0.3333 0.3333 0.3333 0.3333 0.3333 0.3333 0.3333 0.3333 0.3333 0.3333 0.3333 0.3333 0.3333 0.3333 0.3333 0.3333 0.3333 0.3333 0.3333 0.3333 0.3333 0.3333 0.3333 0.3333 0.3333 0.3333 0.3333 0.3333 0.3333 0.3333 0.3333 0.3333 0.3333 0.3333 0.3333 0.3333 0.3333 0.3333 0.3333 0.3333 0.3333 0.3333 0.3333 0.3333
2 2
0.5000
0.5000 0.5000
2 2
0.3333
0.5000 0.5000
47 47
17.4107
0.6230 0.3091 0.7563 0.2571 0.0142 0.0352 0.1782 0.0038 0.8495 0.3992 0.4190 0.8065 0.2229 0.2872 0.9082 0.7309 0.5170 0.5486 0.4230 0.1635 0.5631 0.8796 0.3892 0.1612 0.7379 0.1260 0.9502 0.7885 0.4263 0.6878 0.5849 0.6635 0.9401 0.7146 0.9438 0.3324 0.4670 0.3948 0.6640 0.6719 0.2071 0.9062 0.3189 0.8820 0.0952 0.6894 0.9102
50 50
0.0050
0.9999 0.9999 0.9999 0.9999 0.9999 0.9999 0.9999 0.9999 0.9999 0.9999 0.9999 0.9999 0.9999 0.9999 0.9999 0.9999 0.9999 0.9999 0.9999 0.9999 0.9999 0.9999 0.9999 0.9999 0.9999 0.9999 0.9999 0.9999 0.9999 0.9999 0.9999 0.9999 0.9999 0.9999 0.9999 0.9999 0.9999 0.9999 0.9999 0.9999 0.9999 0.9999 0.9999 0.9999 0.9999 0.9999 0.9999 0.9999 0.9999 0.9999
47 47
17.0420
0.7838 0.1571 0.6676 0.6035 0.5719 0.6531 0.3887 0.7123 0.5661 0.1096 0.0510 0.7125 0.7706 0.8230 0.9795 0.0632 0.0423 0.6566 0.1857 0.7778 0.4678 0.1981 0.9785 0.1235 0.0261 0.1632 0.5545 0.6285 0.4252 0.0957 0.6560 0.7801 0.7746 0.9668 0.9837 0.1607 0.3721 0.2728 0.5994 0.8328 0.6099 0.2662 0.5987 0.8491 0.5884 0.9248 0.9662
50 50
16.5273
0.7923 0.8344 0.4927 0.7870 0.8168 0.6173 0.7066 0.4647 0.6437 0.7645 0.7757 0.4388 0.4594 0.0411 0.8433 0.6069 0.7449 0.9786 0.4293 0.5305 0.6450 0.1257 0.4168 0.0432 0.8055 0.6568 0.4257 0.0550 0.6245 0.8836 0.4965 0.2514 0.2522 0.1321 0.3328 0.2618 0.6904 0.4593 0.9324 0.3131 0.2978 0.5831 0.1760 0.2450 0.7342 0.2887 0.5292 0.6017 0.7942 0.5955
1 1
0.5000
0.5000
50 50
16.3768
0.1641 0.4378 0.0973 0.6067 0.5604 0.0422 0.9252 0.3742 0.8120 0.9359 0.9266 0.9506 0.2548 0.6826 0.3269 0.4810 0.3190 0.4664 0.3088 0.8330 0.7795 0.5780 0.1226 0.5638 0.4897 0.8180 0.5712 0.7615 0.9854 0.6926 0.4734 0.9333 0.3579 0.6259 0.5012 0.7302 0.7155 0.5086 0.9044 0.6786 0.8166 0.2726 0.0588 0.5054 0.4080 0.4877 0.4228 0.4856 0.4876 0.6290
47 47
18.5744
0.6464 0.8785 0.2935 0.5527 0.1304 0.2249 0.6507 0.7087 0.6975 0.0980 0.4560 0.3627 0.8286 0.1697 0.2280 0.4094 0.9722 0.2931 0.8062 0.1361 0.4477 0.2515 0.0843 0.7836 0.5360 0.7677 0.2506 0.9813 0.5518 0.6991 0.6044 0.6017 0.1162 0.9304 0.3010 0.6722 0.3987 0.2582 0.3196 0.5375 0.4830 0.2926 0.2897 0.5025 0.8669 0.2331 0.8973
50 50
18.0529
0.0403 0.4813 0.3881 0.1317 0.0796 0.0805 0.2657 0.7253 0.5584 0.5138 0.5108 0.8740 0.5369 0.1876 0.4946 0.7989 0.0487 0.5444 0.9865 0.4167 0.3385 0.5141 0.9661 0.3862 0.4034 0.3927 0.3974 0.6052 0.1860 0.4806 0.9821 0.6276 0.9201 0.2486 0.7815 0.4624 0.8597 0.7831 0.6072 0.5291 0.9239 0.8727 0.3374 0.2516 0.6259 0.5847 0.1572 0.8298 0.8568 0.9982
49 49
17.7828
0.0597 0.6903 0.9180 0.2193 0.2392 0.0990 0.5382 0.8973 0.9779 0.5074 0.8288 0.5985 0.1539 0.4184 0.1997 0.2998 0.5728 0.7474 0.5248 0.0196 0.6033 0.4540 0.0215 0.6146 0.7606 0.5656 0.6405 0.2244 0.4718 0.6542 0.7886 0.4802 0.8777 0.0173 0.5149 0.4523 0.2647 0.6272 0.4794 0.0134 0.8415 0.1651 0.2471 0.6159 0.7792 0.9108 0.7496 0.0997 0.0588
48 48
22.3084
0.1337 0.3129 0.0858 0.5530 0.3840 0.8372 0.9966 0.9255 0.1626 0.5468 0.3329 0.3930 0.8697 0.0724 0.2577 0.5720 0.3206 0.4015 0.3012 0.8293 0.9046 0.1730 0.0533 0.3013 0.7524 0.7071 0.6533 0.3785 0.6477 0.4075 0.8070 0.0481 0.0725 0.0943 0.0589 0.8148 0.5549 0.3558 0.2747 0.8987 0.7931 0.0555 0.4416 0.8518 0.7441 0.1892 0.6321 0.4676
49 49
20.5217
0.2825 0.6592 0.0485 0.7092 0.0615 0.5225 0.5495 0.2893 0.7255 0.3738 0.2767 0.1112 0.0293 0.0040 0.1032 0.3384 0.7458 0.1503 0.2367 0.4063 0.0138 0.9575 0.2906 0.7278 0.7444 0.7704 0.6178 0.6715 0.6296 0.0463 0.6659 0.0503 0.6886 0.5427 0.8980 0.5774 0.9085 0.6952 0.4192 0.4867 0.4916 0.7470 0.2167 0.7634 0.7814 0.2912 0.5804 0.3310 0.7232
45 45
20.2577
0.5199 0.3276 0.7234 0.1120 0.4032 0.2418 0.3148 0.7368 0.0178 0.8903 0.3209 0.8846 0.2231 0.9294 0.2830 0.4158 0.7185 0.1926 0.0756 0.6124 0.6973 0.5897 0.5540 0.1141 0.5259 0.5399 0.1326 0.7911 0.5726 0.4553 0.1101 0.2979 0.7865 0.3614 0.7731 0.3628 0.5915 0.8648 0.1216 0.0706 0.8510 0.6528 0.4350 0.8604 0.4287
1 1
1.0000
0.0000
49 49
17.7071
0.6869 0.6738 0.4767 0.8304 0.6012 0.8546 0.8637 0.8046 0.1880 0.2946 0.2880 0.2594 0.7682 0.8791 0.0922 0.4023 0.7968 0.8641 0.2811 0.3502 0.3317 0.8147 0.5351 0.5424 0.2730 0.6815 0.6900 0.1261 0.0438 0.7764 0.1805 0.5663 0.0781 0.7660 0.5695 0.4841 0.7458 0.8004 0.4423 0.5008 0.6236 0.2101 0.1042 0.1381 0.4066 0.9551 0.2477 0.9053 0.8442
45 45
15.7894
0.7079 0.2286 0.9613 0.1680 0.0040 0.7512 0.2733 0.7543 0.9144 0.7035 0.4466 0.5062 0.9690 0.4683 0.9751 0.2259 0.1125 0.4183 0.0212 0.9382 0.2370 0.5787 0.8736 0.2207 0.7450 0.5644 0.1412 0.7542 0.6402 0.5316 0.1406 0.8448 0.7754 0.0555 0.9758 0.5667 0.2279 0.0254 0.6220 0.9838 0.2692 0.4992 0.0207 0.5843 0.1979
45 45
19.7357
0.5979 0.1875 0.8749 0.2695 0.5127 0.2058 0.5160 0.1199 0.6600 0.9504 0.9292 0.4402 0.0381 0.0967 0.2766 0.9949 0.8952 0.8551 0.9064 0.7083 0.7473 0.3033 0.0016 0.0569 0.8260 0.3567 0.2533 0.1694 0.1504 0.2212 0.8684 0.5101 0.9912 0.8402 0.0227 0.5323 0.5493 0.5284 0.3661 0.3426 0.3933 0.4616 0.9125 0.4466 0.0183
49 49
21.7089
0.1226 0.5676 0.7139 0.9384 0.0886 0.5794 0.9163 0.4095 0.2756 0.2034 0.3011 0.6338 0.7057 0.6737 0.4611 0.7835 0.0943 0.1942 0.5121 0.5862 0.5102 0.3195 0.5177 0.6976 0.0982 0.3743 0.1082 0.4899 0.9904 0.7636 0.0847 0.2310 0.0248 0.0516 0.8541 0.0144 0.2534 0.4485 0.0216 0.2612 0.0987 0.0718 0.5427 0.6002 0.4247 0.2381 0.3158 0.1184 0.7745
50 50
0.0049
0.9999 0.9999 0.9999 0.9999 0.9999 0.9999 0.9999 0.9999 0.9999 0.9999 0.9999 0.9999 0.9999 0.9999 0.9999 0.9999 0.9999 0.9999 0.9999 0.9999 0.9999 0.9999 0.9999 0.9999 0.9999 0.9999 0.9999 0.9999 0.9999 0.9999 0.9999 0.9999 0.9999 0.9999 0.9999 0.9999 0.9999 0.9999 0.9999 0.9999 0.9999 0.9999 0.9999 0.9999 0.9999 0.9999 0.9999 0.9999 0.9999 0.9999
48 48
18.1969
0.8856 0.8947 0.3660 0.3790 0.9926 0.6884 0.4329 0.3181 0.4543 0.8890 0.3183 0.2590 0.8470 0.4177 0.5581 0.1422 0.1478 0.3285 0.9861 0.4207 0.2072 0.1930 0.9587 0.9073 0.0146 0.2755 0.4080 0.5850 0.2694 0.1181 0.2389 0.1315 0.5662 0.6299 0.4205 0.6610 0.5319 0.0404 0.7358 0.2165 0.0223 0.1282 0.0127 0.8641 0.6877 0.2535 0.2133 0.6723
46 46
21.7192
0.9248 0.8970 0.4259 0.0922 0.2002 0.5102 0.5521 0.7809 0.7541 0.6674 0.4142 0.0314 0.8324 0.6721 0.7157 0.8439 0.4082 0.9771 0.0333 0.2897 0.0911 0.2055 0.5821 0.0783 0.0897 0.8439 0.5152 0.2348 0.4634 0.3306 0.6042 0.4058 0.9991 0.7218 0.7449 0.6091 0.7011 0.3349 0.5951 0.6407 0.5113 0.3109 0.0544 0.0044 0.1102 0.9371
49 49
21.2472
0.2450 0.6486 0.9576 0.9251 0.3143 0.3518 0.6814 0.2721 0.7455 0.1667 0.0412 0.4744 0.5849 0.9439 0.6722 0.5080 0.5261 0.3073 0.1398 0.5704 0.6130 0.8148 0.6801 0.1854 0.2008 0.1136 0.3690 0.5537 0.8888 0.2689 0.7036 0.0683 0.9766 0.6922 0.5062 0.0730 0.1927 0.3150 0.7447 0.8890 0.2032 0.2516 0.6478 0.6601 0.5383 0.2592 0.5520 0.0667 0.9125
50 50
50.0000
0.0000 0.0000 0.0000 0.0000 0.0000 0.0000 0.0000 0.0000 0.0000 0.0000 0.0000 0.0000 0.0000 0.0000 0.0000 0.0000 0.0000 0.0000 0.0000 0.0000 0.0000 0.0000 0.0000 0.0000 0.0000 0.0000 0.0000 0.0000 0.0000 0.0000 0.0000 0.0000 0.0000 0.0000 0.0000 0.0000 0.0000 0.0000 0.0000 0.0000 0.0000 0.0000 0.0000 0.0000 0.0000 0.0000 0.0000 0.0000 0.0000 0.0000
45 45
17.2717
0.4716 0.0110 0.3059 0.0063 0.5899 0.0579 0.7159 0.5998 0.1222 0.6555 0.2100 0.0463 0.6193 0.3460 0.0167 0.6638 0.0319 0.5646 0.1647 0.7485 0.8817 0.5649 0.0487 0.9606 0.6763 0.8936 0.1779 0.9157 0.5711 0.4950 0.7238 0.3788 0.0974 0.8656 0.2221 0.9070 0.1356 0.6100 0.3898 0.7192 0.5050 0.6030 0.4212 0.2759 0.0741
47 47
16.3256
0.0685 0.8861 0.6354 0.8191 0.9604 0.3848 0.7427 0.8497 0.9543 0.2033 0.7614 0.3258 0.4227 0.2652 0.6430 0.1602 0.5899 0.1433 0.6723 0.9919 0.1591 0.3196 0.2990 0.4510 0.7162 0.2528 0.9256 0.3501 0.6649 0.5352 0.7533 0.7689 0.6908 0.1569 0.0690 0.7413 0.1912 0.3762 0.2654 0.4320 0.7270 0.0203 0.8352 0.5004 0.1059 0.0465 0.1697
50 50
19.1361
0.2962 0.0398 0.6312 0.2230 0.1957 0.9927 0.9355 0.9436 0.9926 0.9313 0.3919 0.5655 0.7844 0.5003 0.3059 0.6909 0.8636 0.4839 0.4707 0.6639 0.8895 0.7131 0.7976 0.1404 0.5436 0.3711 0.0880 0.0097 0.3391 0.0429 0.5657 0.1637 0.8995 0.8217 0.2973 0.9722 0.6794 0.4483 0.5328 0.4271 0.5856 0.0188 0.2389 0.8247 0.9361 0.8908 0.1007 0.3866 0.9573 0.0982
45 45
15.9366
0.9871 0.4625 0.0895 0.9100 0.0844 0.5186 0.5798 0.9036 0.0989 0.5958 0.2835 0.6466 0.4897 0.9252 0.2299 0.8465 0.4440 0.6388 0.0639 0.3939 0.9214 0.9065 0.1892 0.5497 0.9643 0.1999 0.0788 0.7471 0.5370 0.6255 0.6103 0.5831 0.8135 0.8925 0.2049 0.8501 0.8515 0.5381 0.5513 0.5517 0.5462 0.3749 0.6840 0.4458 0.5891
49 49
25.9850
0.2809 0.9504 0.2998 0.2572 0.1215 0.9376 0.0994 0.2149 0.4978 0.4615 0.3040 0.4133 0.7208 0.1552 0.2805 0.2415 0.8158 0.3336 0.4301 0.3953 0.7082 0.2599 0.1863 0.1004 0.3092 0.4761 0.7420 0.9997 0.3684 0.1440 0.1749 0.9016 0.9539 0.0763 0.7086 0.7841 0.9062 0.1175 0.5852 0.6631 0.2244 0.0814 0.6539 0.0579 0.2897 0.6748 0.3407 0.3395 0.6129
48 48
15.0611
0.9431 0.5614 0.5913 0.8479 0.9184 0.0754 0.7970 0.4119 0.2335 0.6387 0.9260 0.1522 0.0469 0.2658 0.6957 0.9937 0.9861 0.9830 0.9147 0.6844 0.6331 0.5680 0.9635 0.1766 0.2816 0.2006 0.9221 0.8655 0.9495 0.8280 0.1257 0.9227 0.6774 0.9091 0.3886 0.2166 0.6389 0.9522 0.7801 0.9992 0.5074 0.1779 0.4788 0.4005 0.4110 0.8614 0.2038 0.3871
49 49
23.4993
0.9193 0.2625 0.2037 0.1248 0.8355 0.5002 0.2116 0.6228 0.9015 0.0324 0.0846 0.8419 0.7467 0.2301 0.0340 0.8218 0.6487 0.6459 0.3200 0.3394 0.8500 0.6266 0.6885 0.2436 0.1413 0.2750 0.1611 0.0804 0.4371 0.2126 0.2377 0.3541 0.5772 0.3201 0.5657 0.7881 0.3732 0.5106 0.0287 0.9617 0.6495 0.8774 0.3317 0.7556 0.5726 0.3167 0.6949 0.8041 0.0190
48 48
22.2713
0.2054 0.8931 0.9396 0.7258 0.0848 0.7857 0.4458 0.6372 0.8182 0.3393 0.1672 0.9376 0.4979 0.7867 0.6256 0.5600 0.3401 0.1643 0.1509 0.3595 0.8998 0.6217 0.6604 0.0890 0.0999 0.5461 0.4898 0.8813 0.8295 0.1545 0.0450 0.6321 0.8191 0.2096 0.5569 0.1478 0.5291 0.2816 0.3209 0.1406 0.1594 0.2277 0.4054 0.9063 0.5918 0.2776 0.6924 0.0587
47 47
16.3870
0.5219 0.6160 0.7046 0.5699 0.7876 0.3551 0.0431 0.9346 0.2542 0.4015 0.8451 0.4254 0.9797 0.0200 0.5780 0.5893 0.3507 0.4308 0.5594 0.1031 0.9503 0.4022 0.1981 0.9931 0.3844 0.5993 0.2116 0.0459 0.6587 0.4845 0.7631 0.1723 0.9141 0.2260 0.3707 0.4349 0.8765 0.7868 0.2750 0.1957 0.7016 0.5988 0.7938 0.4560 0.0409 0.6625 0.3839
49 49
17.0746
0.7615 0.3579 0.5884 0.4386 0.5258 0.6963 0.6133 0.9194 0.3152 0.1220 0.0245 0.1451 0.7349 0.9852 0.7289 0.4605 0.1752 0.0552 0.0475 0.0545 0.1378 0.1880 0.4823 0.5285 0.0005 0.2125 0.6147 0.0913 0.6622 0.5433 0.8074 0.7424 0.7342 0.6856 0.8569 0.1854 0.3226 0.8101 0.6591 0.0223 0.8102 0.6596 0.9596 0.3192 0.0226 0.2758 0.9896 0.7447 0.9122
47 47
0.5837
0.5646 0.6248 0.8003 0.6586 0.6696 0.5956 0.9137 0.7167 0.5603 0.4499 0.6048 0.8738 0.7999 0.8867 0.6131 0.5026 0.7619 0.4186 0.3154 0.2976 0.8177 0.8463 0.9160 0.3950 0.4740 0.1213 0.1457 0.2756 0.0082 0.8283 0.7012 0.3602 0.4096 0.0304 0.7970 0.7335 0.3682 0.2916 0.9918 0.1291 0.5064 0.0343 0.3793 0.2637 0.8207 0.5373 0.7741
45 45
20.3409
0.0075 0.7516 0.4928 0.6092 0.9299 0.0206 0.5754 0.7755 0.9682 0.6162 0.0663 0.1151 0.6253 0.4122 0.1440 0.5116 0.2317 0.1674 0.5972 0.6791 0.0947 0.2164 0.7301 0.7139 0.5523 0.6719 0.8176 0.7033 0.1226 0.0694 0.7896 0.4692 0.1372 0.5704 0.5630 0.8465 0.3930 0.2877 0.1508 0.9141 0.5290 0.2168 0.7680 0.8527 0.9582
50 50
0.0000
0.8765 0.8765 0.8765 0.8765 0.8765 0.8765 0.8765 0.8765 0.8765 0.8765 0.8765 0.8765 0.8765 0.8765 0.8765 0.8765 0.8765 0.8765 0.8765 0.8765 0.8765 0.8765 0.8765 0.8765 0.8765 0.8765 0.8765 0.8765 0.8765 0.8765 0.8765 0.8765 0.8765 0.8765 0.8765 0.8765 0.8765 0.8765 0.8765 0.8765 0.8765 0.8765 0.8765 0.8765 0.8765 0.8765 0.8765 0.8765 0.8765 0.8765
47 47
16.2983
0.4646 0.8936 0.9648 0.1415 0.2928 0.7619 0.7857 0.5221 0.8061 0.2325 0.0689 0.6421 0.1908 0.8925 0.1436 0.2501 0.6236 0.0788 0.5546 0.9275 0.1138 0.9676 0.2645 0.8094 0.0538 0.7880 0.3283 0.4314 0.0712 0.2752 0.4685 0.7503 0.3521 0.2877 0.3415 0.5267 0.3213 0.4179 0.2717 0.4718 0.9310 0.9797 0.5889 0.8529 0.4336 0.0817 0.2061
46 46
20.3915
0.8633 0.1469 0.6911 0.7241 0.4314 0.1063 0.6138 0.5441 0.0606 0.7413 0.0154 0.0986 0.8146 0.8942 0.1662 0.7545 0.8785 0.8597 0.1329 0.2476 0.4112 0.1551 0.1449 0.7188 0.3824 0.5496 0.5212 0.3946 0.7230 0.8300 0.0559 0.7822 0.0140 0.3035 0.0446 0.2245 0.1493 0.3694 0.2744 0.1325 0.6970 0.6939 0.2126 0.2050 0.7357 0.6375
50 50
0.6901
0.0932 0.1546 0.7255 0.2443 0.9318 0.2665 0.0507 0.1224 0.3158 0.0539 0.6196 0.3483 0.1761 0.5109 0.8733 0.0863 0.3724 0.8091 0.7417 0.6759 0.3337 0.5154 0.2683 0.6598 0.3303 0.7744 0.7742 0.0857 0.7287 0.3512 0.2215 0.8265 0.8764 0.2187 0.8871 0.1090 0.0770 0.6915 0.9438 0.2791 0.7205 0.8928 0.5983 0.5160 0.9926 0.7951 0.1842 0.6986 0.2108 0.9641
45 45
21.3626
0.9373 0.0011 0.4636 0.0879 0.0209 0.1147 0.0205 0.2884 0.9346 0.3086 0.3373 0.9855 0.3402 0.5666 0.1504 0.6715 0.3514 0.2627 0.4308 0.3591 0.0975 0.6729 0.0146 0.6800 0.9953 0.2019 0.3318 0.9650 0.0830 0.9226 0.2426 0.2099 0.4308 0.5511 0.0479 0.4447 0.1175 0.2691 0.2083 0.1443 0.2089 0.0831 0.2262 0.0415 0.7082
50 50
20.5251
0.4729 0.4587 0.9750 0.1518 0.4776 0.9704 0.4740 0.2090 0.7461 0.8021 0.5276 0.0921 0.6667 0.4629 0.3124 0.8431 0.5177 0.4376 0.3610 0.2000 0.3052 0.1081 0.2032 0.4249 0.2309 0.6400 0.4674 0.5095 0.3982 0.6903 0.3527 0.6967 0.6316 0.5987 0.3302 0.6426 0.2329 0.3204 0.6359 0.3356 0.7505 0.2528 0.9791 0.2568 0.0526 0.7855 0.4355 0.3746 0.8229 0.2008
47 47
17.2961
0.9144 0.1886 0.6535 0.8677 0.1897 0.7857 0.5599 0.9607 0.4776 0.2911 0.4762 0.3018 0.8532 0.7331 0.1100 0.2917 0.5363 0.0321 0.6319 0.6580 0.6920 0.5024 0.7516 0.1681 0.3954 0.6283 0.6065 0.1883 0.5662 0.8620 0.7302 0.8654 0.7248 0.9238 0.2343 0.4743 0.6769 0.0511 0.8712 0.0035 0.4454 0.6074 0.7005 0.2276 0.0337 0.0222 0.0575
47 47
17.2301
0.5036 0.3452 0.4451 0.8329 0.7986 0.7719 0.0170 0.9387 0.7523 0.2925 0.3770 0.7963 0.3136 0.3853 0.7307 0.5595 0.3272 0.9740 0.1864 0.6444 0.3314 0.2914 0.1478 0.0611 0.4554 0.4430 0.9400 0.5291 0.6533 0.0550 0.8973 0.1984 0.5039 0.3532 0.7889 0.9932 0.2242 0.7720 0.9762 0.0172 0.8786 0.9226 0.4388 0.6668 0.2345 0.7667 0.9172
47 47
2.2784
0.5519 0.8489 0.1902 0.4354 0.3635 0.9056 0.9770 0.3553 0.5550 0.9917 0.3364 0.6506 0.8419 0.6587 0.8278 0.8193 0.7958 0.0708 0.9963 0.6483 0.0239 0.6852 0.3204 0.4495 0.1370 0.6562 0.4923 0.1259 0.1005 0.9460 0.7586 0.1028 0.1539 0.9042 0.1277 0.7511 0.8840 0.2816 0.2346 0.8156 0.1427 0.7939 0.1305 0.3084 0.6641 0.1664 0.1637
48 48
21.5504
0.2817 0.4464 0.6902 0.3216 0.8637 0.0208 0.5439 0.1947 0.9880 0.8147 0.8445 0.5544 0.1607 0.0934 0.0297 0.4942 0.2619 0.0599 0.5273 0.1565 0.0718 0.5901 0.5280 0.0141 0.5868 0.4910 0.8752 0.4253 0.1372 0.9047 0.5879 0.1076 0.1481 0.0865 0.3937 0.4063 0.2373 0.7124 0.4263 0.1628 0.2265 0.5387 0.7572 0.9406 0.0810 0.1450 0.4664 0.4633
47 47
19.0664
0.3375 0.9975 0.1320 0.8344 0.7235 0.7086 0.4106 0.5181 0.9736 0.5433 0.6233 0.5106 0.1527 0.5630 0.2159 0.8223 0.8420 0.2047 0.4139 0.1545 0.0768 0.5844 0.4128 0.5459 0.0601 0.9202 0.0276 0.6954 0.9452 0.5268 0.4428 0.1904 0.0905 0.2482 0.4713 0.5813 0.2360 0.6220 0.0666 0.5406 0.2411 0.1037 0.4231 0.4021 0.3898 0.0815 0.1666
50 50
25.1187
0.1857 0.7073 0.9485 0.5630 0.5266 0.9329 0.3483 0.2433 0.2917 0.5321 0.9330 0.3481 0.3914 0.1443 0.6859 0.0128 0.4599 0.3775 0.2481 0.7383 0.8195 0.1056 0.3389 0.4758 0.7771 0.3386 0.7216 0.8828 0.1103 0.9196 0.9081 0.2112 0.2716 0.4947 0.3258 0.6098 0.6347 0.0524 0.9431 0.3230 0.4649 0.2643 0.2458 0.7135 0.1011 0.5286 0.3467 0.7395 0.2592 0.1075
50 50
17.4781
0.5308 0.0724 0.6263 0.7150 0.9866 0.1166 0.6949 0.6917 0.3655 0.9425 0.8621 0.3820 0.7020 0.8095 0.9409 0.7651 0.5431 0.2364 0.6545 0.6258 0.8438 0.3704 0.4302 0.2931 0.5825 0.7173 0.2059 0.9596 0.2251 0.3380 0.9593 0.1444 0.2270 0.2842 0.3107 0.9093 0.7291 0.9267 0.3777 0.6991 0.2465 0.9069 0.0679 0.0994 0.4396 0.0050 0.5630 0.2048 0.4887 0.9020
45 45
3.5904
0.3324 0.5221 0.3655 0.1847 0.1272 0.7976 0.4244 0.4465 0.5679 0.8945 0.1720 0.3448 0.3892 0.8465 0.3028 0.3880 0.1824 0.2361 0.1018 0.5127 0.9563 0.1036 0.7248 0.7715 0.6942 0.8268 0.3308 0.3085 0.3252 0.2414 0.9111 0.5776 0.4654 0.7398 0.4972 0.4581 0.8075 0.3233 0.6697 0.4520 0.7122 0.2692 0.4031 0.4820 0.4568
46 46
18.9129
0.4734 0.0865 0.7547 0.9406 0.6181 0.8922 0.3941 0.4654 0.6544 0.4653 0.9124 0.0985 0.1197 0.2799 0.7117 0.3382 0.9293 0.3136 0.6774 0.3340 0.2301 0.2236 0.1528 0.9667 0.1487 0.9504 0.9555 0.7145 0.6493 0.4346 0.9732 0.5884 0.7319 0.9270 0.4485 0.4694 0.0228 0.2145 0.2749 0.7043 0.4308 0.0032 0.5605 0.2541 0.5920 0.6401
47 47
16.9814
0.0604 0.8893 0.1970 0.3894 0.8304 0.6249 0.4669 0.9617 0.7273 0.3246 0.7842 0.5634 0.9949 0.8985 0.5777 0.1368 0.6157 0.3552 0.6002 0.1986 0.6564 0.2031 0.8877 0.8631 0.5721 0.4746 0.0319 0.4568 0.5874 0.0984 0.8169 0.8552 0.6427 0.2032 0.7223 0.2978 0.0748 0.2018 0.6071 0.4628 0.6487 0.2289 0.9630 0.3199 0.5653 0.1038 0.3182
1 1
0.3333
0.0000
47 47
15.2467
0.5129 0.9145 0.2646 0.5754 0.3551 0.7920 0.4558 0.9649 0.2480 0.0912 0.0849 0.6342 0.1299 0.0839 0.9237 0.5277 0.2795 0.7603 0.5610 0.9804 0.0106 0.1617 0.9258 0.0819 0.9336 0.8245 0.5278 0.8164 0.4944 0.3268 0.5383 0.6906 0.9152 0.9218 0.7961 0.6721 0.4831 0.5240 0.5680 0.4706 0.8423 0.4387 0.8397 0.4336 0.3451 0.2996 0.9196
1 1
0.0000
1.0000
47 47
19.0274
0.5726 0.3627 0.7532 0.4132 0.3517 0.0168 0.7238 0.7698 0.2622 0.1766 0.7523 0.2432 0.2336 0.3062 0.8507 0.9573 0.4181 0.1886 0.4708 0.6144 0.6390 0.6062 0.2756 0.4546 0.7547 0.1745 0.6526 0.4828 0.6389 0.3379 1.0000 0.0306 0.9655 0.2331 0.3256 0.0829 0.3425 0.0724 0.5135 0.2177 0.2293 0.1372 0.9326 0.7605 0.4715 0.1218 0.4961
47 47
16.1803
0.8937 0.1314 0.1841 0.2429 0.3959 0.2258 0.1250 0.4641 0.5348 0.8819 0.7192 0.8941 0.7899 0.7958 0.5802 0.7419 0.0260 0.7570 0.5627 0.8611 0.8600 0.1776 0.1166 0.4124 0.2387 0.0071 0.2834 0.1591 0.4987 0.9425 0.6334 0.0311 0.0648 0.8866 0.2416 0.2766 0.8969 0.8661 0.9632 0.1697 0.7662 0.4766 0.9663 0.8600 0.1035 0.1671 0.5729
47 47
17.7167
0.1877 0.7707 0.3084 0.6352 0.9636 0.5972 0.8691 0.4365 0.4044 0.5740 0.1389 0.7563 0.8793 0.2982 0.2290 0.0387 0.7692 0.2370 0.5829 0.2931 0.4706 0.9379 0.4019 0.6214 0.4493 0.6824 0.3568 0.2699 0.6654 0.6978 0.9680 0.6912 0.1711 0.5721 0.4623 0.6669 0.5350 0.9970 0.5712 0.7299 0.6178 0.0222 0.0790 0.2760 0.3746 0.4510 0.7563
50 50
1.0000
0.3333 0.3333 0.3333 0.3333 0.3333 0.3333 0.3333 0.3333 0.3333 0.3333 0.3333 0.3333 0.3333 0.3333 0.3333 0.3333 0.3333 0.3333 0.3333 0.3333 0.3333 0.3333 0.3333 0.3333 0.3333 0.3333 0.3333 0.3333 0.3333 0.3333 0.3333 0.3333 0.3333 0.3333 0.3333 0.3333 0.3333 0.3333 0.3333 0.3333 0.3333 0.3333 0.3333 0.3333 0.3333 0.3333 0.3333 0.3333 0.3333 0.3333
46 46
20.4528
0.2558 0.7684 0.4297 0.5668 0.8971 0.0258 0.0676 0.2133 0.5038 0.1788 0.1549 0.3979 0.8448 0.8875 0.7669 0.9651 0.3991 0.4406 0.2164 0.8790 0.6786 0.8169 0.1551 0.7879 0.2319 0.6639 0.9927 0.6107 0.1100 0.0276 0.6090 0.5454 0.3312 0.9335 0.3444 0.3451 0.7484 0.4487 0.0005 0.6096 0.6484 0.3901 0.1384 0.8700 0.9506 0.9797
47 47
18.0798
0.4519 0.6833 0.0404 0.4465 0.8647 0.7136 0.5210 0.6180 0.1620 0.7858 0.2482 0.6962 0.5917 0.6754 0.0650 0.0099 0.6872 0.3333 0.2037 0.5698 0.1055 0.5262 0.3256 0.2847 0.7048 0.3203 0.1426 0.2856 0.7860 0.7037 0.6321 0.4595 0.1912 0.4271 0.0753 0.7355 0.6070 0.5902 0.0935 0.3797 0.7594 0.8269 0.0603 0.3749 0.1696 0.4472 0.4803
48 48
23.3714
0.9884 0.7986 0.9514 0.4068 0.1223 0.0109 0.5368 0.1840 0.0949 0.5365 0.5557 0.2788 0.5384 0.2679 0.2815 0.6178 0.7126 0.6493 0.8836 0.0104 0.3754 0.9897 0.9322 0.8941 0.1909 0.1051 0.9578 0.4583 0.7085 0.9950 0.9745 0.2602 0.6472 0.9802 0.0205 0.4882 0.3299 0.6304 0.2545 0.5927 0.5656 0.1945 0.9244 0.2985 0.5183 0.0251 0.6286 0.0271
47 47
17.3008
0.5044 0.1583 0.9902 0.1915 0.0645 0.8752 0.4309 0.8783 0.5440 0.7660 0.5072 0.7656 0.5072 0.5908 0.5115 0.6284 0.5691 0.5936 0.9831 0.5731 0.4503 0.4470 0.9498 0.7082 0.4637 0.1304 0.3461 0.9257 0.1563 0.8101 0.3590 0.1479 0.2021 0.2380 0.3255 0.0260 0.9107 0.2581 0.0762 0.5275 0.3946 0.7607 0.6290 0.8597 0.0385 0.0522 0.4232
50 50
0.0000
0.8700 0.8700 0.8700 0.8700 0.8700 0.8700 0.8700 0.8700 0.8700 0.8700 0.8700 0.8700 0.8700 0.8700 0.8700 0.8700 0.8700 0.8700 0.8700 0.8700 0.8700 0.8700 0.8700 0.8700 0.8700 0.8700 0.8700 0.8700 0.8700 0.8700 0.8700 0.8700 0.8700 0.8700 0.8700 0.8700 0.8700 0.8700 0.8700 0.8700 0.8700 0.8700 0.8700 0.8700 0.8700 0.8700 0.8700 0.8700 0.8700 0.8700
50 50
24.6579
0.0813 0.7223 0.4415 0.9329 0.8811 0.7044 0.9856 0.8426 0.2157 0.4722 0.3636 0.8432 0.8575 0.1882 0.5514 0.2557 0.9816 0.2958 0.3244 0.6307 0.2976 0.4936 0.2625 0.9481 0.2382 0.0993 0.7883 0.4939 0.0487 0.6972 0.0522 0.0004 0.8907 0.4042 0.9173 0.1729 0.3698 0.5570 0.7088 0.3421 0.0611 0.6001 0.0407 0.3788 0.4232 0.4449 0.2897 0.5120 0.6817 0.4531
46 46
15.4297
0.4922 0.3663 0.9137 0.5222 0.8180 0.9634 0.5808 0.0724 0.5866 0.7273 0.2949 0.8403 0.0062 0.8472 0.2983 0.8449 0.7363 0.0687 0.6765 0.4358 0.9978 0.5508 0.3332 0.3238 0.2115 0.7899 0.3766 0.2593 0.7798 0.6726 0.4379 0.4624 0.0869 0.7470 0.0196 0.2353 0.4151 0.8403 0.5642 0.3661 0.6030 0.7690 0.3240 0.9667 0.9735 0.7583
49 49
21.4208
0.1862 0.9134 0.3676 0.9417 0.0129 0.6250 0.5005 0.2957 0.6530 0.6595 0.3859 0.3484 0.6275 0.3239 0.3860 0.3977 0.0668 0.8595 0.9931 0.6763 0.4833 0.3251 0.0774 0.2727 0.4138 0.9058 0.4078 0.5681 0.8308 0.8978 0.7887 0.7115 0.7227 0.3951 0.9370 0.6675 0.3360 0.3841 0.8394 0.9410 0.6946 0.1212 0.5013 0.3996 0.6166 0.9244 0.2626 0.0569 0.4012
49 49
25.8967
0.1839 0.5558 0.6345 0.0265 0.3046 0.3955 0.1612 0.6849 0.5139 0.2869 0.4345 0.9514 0.6614 0.0110 0.9960 0.8653 0.9664 0.4183 0.2154 0.1572 0.1137 0.0257 0.7787 0.0145 0.7495 0.0806 0.0444 0.2291 0.1256 0.6064 0.1954 0.5397 0.1201 0.1299 0.3210 0.3810 0.4235 0.4775 0.1073 0.4912 0.1031 0.3144 0.3756 0.3141 0.1153 0.9820 0.6502 0.1914 0.6695
47 47
17.1289
0.6996 0.7834 0.4820 0.7961 0.1329 0.6874 0.6963 0.1248 0.9404 0.5681 0.9464 0.0786 0.9425 0.7660 0.6350 0.7763 0.0522 0.0178 0.6304 0.5730 0.5235 0.7971 0.8558 0.2956 0.4930 0.5929 0.3623 0.3113 0.1973 0.6062 0.8979 0.4124 0.2396 0.0160 0.2828 0.9482 0.1183 0.7237 0.1315 0.3080 0.3080 0.7988 0.6777 0.0446 0.1328 0.1121 0.2589
49 49
18.6348
0.6695 0.4976 0.8205 0.6742 0.8693 0.0089 0.3026 0.6098 0.2188 0.3475 0.3850 0.8685 0.7221 0.1080 0.3765 0.4617 0.0678 0.1027 0.6150 0.7295 0.6583 0.8218 0.7764 0.1014 0.5783 0.7793 0.8010 0.8977 0.1108 0.8193 0.0162 0.9363 0.9215 0.1072 0.2034 0.5512 0.8917 0.0391 0.4923 0.6573 0.1602 0.9770 0.7001 0.8068 0.4780 0.7261 0.9446 0.8382 0.1268
50 50
25.3465
0.7667 0.8356 0.8824 0.9228 0.4053 0.7004 0.1724 0.9357 0.2892 0.0182 0.2314 0.8991 0.0745 0.1885 0.4385 0.3102 0.3555 0.8625 0.8504 0.4473 0.1640 0.7656 0.2901 0.1731 0.2771 0.0227 0.5308 0.4026 0.7081 0.3126 0.3543 0.0250 0.3321 0.0825 0.9115 0.0636 0.6953 0.5496 0.7488 0.3090 0.0394 0.2670 0.1007 0.6026 0.1960 0.0480 0.9525 0.6437 0.4432 0.4404
50 50
21.3743
0.4552 0.2315 0.1053 0.4097 0.1366 0.0911 0.7621 0.2235 0.6967 0.6990 0.0613 0.0427 0.0944 0.6603 0.7641 0.6702 0.5421 0.8218 0.1054 0.0732 0.2270 0.3335 0.2860 0.2639 0.1566 0.2996 0.0703 0.4915 0.1435 0.8113 0.3550 0.7353 0.9108 0.4797 0.7022 0.2763 0.2624 0.4926 0.4861 0.7708 0.5421 0.1907 0.0232 0.1769 0.7680 0.8299 0.9519 0.9462 0.0352 0.1426
47 47
18.1746
0.6763 0.0309 0.0033 0.2218 0.5576 0.1265 0.6429 0.8612 0.7714 0.6904 0.9111 0.4061 0.6156 0.6215 0.8418 0.3446 0.2757 0.0577 0.9976 0.2247 0.1558 0.5103 0.3067 0.4126 0.6191 0.1762 0.0898 0.2590 0.8991 0.6470 0.0892 0.7695 0.1766 0.9963 0.2589 0.1724 0.2058 0.5709 0.0552 0.2452 0.3887 0.0276 0.0431 0.8038 0.8453 0.2660 0.9912
49 49
24.6621
0.5460 0.4782 0.3190 0.7258 0.1012 0.1236 0.3242 0.0707 0.4793 0.2955 0.2837 0.2008 0.7461 0.4631 0.2992 0.8916 0.3274 0.1858 0.2031 0.4441 0.2442 0.8548 0.8748 0.8313 0.9454 0.1754 0.3616 0.3448 0.7318 0.1121 0.7511 0.1534 0.9832 0.5234 0.9573 0.8767 0.2423 0.0579 0.8813 0.9476 0.8666 0.8511 0.0278 0.7097 0.7315 0.2085 0.8867 0.2604 0.3955
48 48
16.7194
0.2983 0.9239 0.9230 0.9636 0.8347 0.3337 0.2689 0.3876 0.1683 0.0087 0.1880 0.1269 0.8578 0.5650 0.4633 0.0614 0.9698 0.7279 0.6665 0.8372 0.1207 0.6052 0.2847 0.5679 0.9461 0.2718 0.6550 0.8962 0.8397 0.3007 0.8367 0.5822 0.9480 0.1293 0.7584 0.4380 0.9535 0.0492 0.4260 0.2007 0.1526 0.3498 0.8057 0.4526 0.7727 0.2076 0.5154 0.1428
4 4
1.3999
0.5000 0.8000 0.6000 0.7000
50 50
0.0000
1.0000 1.0000 1.0000 1.0000 1.0000 1.0000 1.0000 1.0000 1.0000 1.0000 1.0000 1.0000 1.0000 1.0000 1.0000 1.0000 1.0000 1.0000 1.0000 1.0000 1.0000 1.0000 1.0000 1.0000 1.0000 1.0000 1.0000 1.0000 1.0000 1.0000 1.0000 1.0000 1.0000 1.0000 1.0000 1.0000 1.0000 1.0000 1.0000 1.0000 1.0000 1.0000 1.0000 1.0000 1.0000 1.0000 1.0000 1.0000 1.0000 1.0000
1 1
0.3333
0.5000
48 48
28.9987
0.8891 0.1584 0.3314 0.4467 0.9323 0.0304 0.0713 0.0074 0.8816 0.9845 0.2450 0.2279 0.3618 0.0396 0.2132 0.8226 0.2590 0.4119 0.4858 0.1379 0.1728 0.2277 0.5026 0.7764 0.1003 0.3419 0.2310 0.8160 0.0240 0.5905 0.2992 0.7241 0.0403 0.0017 0.2275 0.1179 0.6051 0.7037 0.3859 0.0604 0.3887 0.4772 0.3400 0.0064 0.6094 0.0083 0.1048 0.6066
50 50
23.3594
0.2891 0.2551 0.3074 0.3331 0.0427 0.3654 0.2711 0.2805 0.1604 0.9791 0.8114 0.9556 0.9625 0.1781 0.8645 0.6254 0.3603 0.8559 0.8196 0.8571 0.6379 0.5513 0.9329 0.2614 0.3981 0.6767 0.9243 0.1528 0.2097 0.6044 0.3231 0.1981 0.4338 0.1943 0.3758 0.0907 0.7043 0.7257 0.6061 0.8836 0.5571 0.5948 0.2232 0.4405 0.0426 0.0180 0.2818 0.4872 0.4310 0.1954
45 45
15.9202
0.0903 0.7187 0.0166 0.1536 0.3415 0.0424 0.1133 0.0831 0.8129 0.9431 0.5985 0.8134 0.9868 0.8619 0.4347 0.5677 0.9396 0.5973 0.0940 0.7873 0.1696 0.7954 0.2880 0.6011 0.9541 0.6882 0.8004 0.5248 0.0862 0.0939 0.8296 0.1321 0.5340 0.4399 0.0447 0.0466 0.7258 0.7470 0.9068 0.3611 0.6598 0.9242 0.6901 0.6214 0.0240
