75
1 1 1 0
1 2 0 0
2 1 1 2
2 2 0 2
6 22 21 21
5 3 23 6
5 3 28 1
9 116 162 234
3 2 0 6
1 0 0 2
8 86 85 85
3 3 3 2
12 1366 1366 1364
3 8 0 0
12 0 4096 0
11 300 269 1479
10 341 342 341
12 1365 1366 1365
4 4 4 8
4 5 5 6
5 19 3 10
7 43 43 42
12 1365 1365 1366
11 175 1083 790
6 21 21 22
9 171 170 171
4 6 0 10
7 75 9 44
12 1364 1368 1364
4 6 6 4
8 85 86 85
12 3105 695 296
9 456 15 41
11 683 683 682
5 14 15 3
2 1 3 0
10 342 341 341
12 1366 1365 1365
4 5 6 5
5 10 11 11
2 0 4 0
7 42 43 43
2 1 2 1
7 0 84 44
9 170 171 171
3 2 2 4
8 85 85 86
7 14 42 72
10 456 481 87
8 8 213 35
11 69 1907 72
11 682 683 683
11 683 682 683
3 3 2 3
5 11 11 10
11 236 152 1660
1 0 1 1
8 116 130 10
3 3 1 4
9 86 306 120
10 570 271 183
5 0 0 32
6 21 22 21
3 2 3 3
4 6 5 5
3 4 2 2
10 341 341 342
2 2 1 1
5 11 10 11
7 43 42 43
7 1 30 97
3 2 4 2
1 1 0 1
5 11 9 12
9 171 171 170
