100
3 8
5 6 9 4 8 2 1 7
3 1
2
3 10
2 4 8 16 32 64 100 100 100 100
3 10
1 4 4 4 4 4 4 4 4 4
100 1
100
3 5
11 20 60 22 100
2 10
100 100 100 100 100 100 100 100 100 100
3 5
100 100 100 100 100
3 4
1 6 12 49
2 6
9 64 19 16 81 80
1 10
100 100 100 100 100 100 100 100 100 100
1 10
1 1 1 1 1 1 1 1 1 1
3 9
11 23 22 34 1 95 54 51 1
1 9
35 27 12 85 1 69 55 23 2
13 8
61 43 6 31 25 16 11 3
12 2
2 6
3 7
2 7 1 72 48 79 7
4 1
52
15 7
84 1 7 44 92 68 33
17 2
2 31
1 8
2 1 40 11 50 62 85 64
7 3
73 4 84
1 9
14 2 8 46 62 93 8 9 35
22 2
10 10
1 2
1 98
17 7
27 45 64 7 58 64 25
5 2
13 66
9 9
9 21 51 1 94 4 2 1 14
1 2
36 30
4 7
6 19 68 90 1 42 34
1 9
56 94 83 26 31 1 5 23 1
2 9
92 68 61 87 28 67 59 16 20
7 7
76 8 9 18 91 72 1
6 1
38
20 5
69 32 51 42 65
19 3
13 1 8
1 4
26 2 24 7
2 5
80 11 38 73 7
1 7
1 51 94 40 17 7 87
4 2
6 1
8 7
16 36 20 18 42 1 1
1 9
1 1 13 46 89 57 4 66 81
6 5
58 19 46 43 14
2 6
8 95 70 61 19 59
1 4
13 33 16 8
1 1
1
21 6
46 31 65 49 63 2
11 3
10 60 74
11 2
71 7
6 9
38 4 37 5 27 72 14 62 77
1 4
1 95 84 12
1 9
22 1 9 70 17 49 1 43 46
17 4
84 86 93 2
18 6
17 8 71 7 27 44
17 3
1 25 1
17 1
28
6 6
27 8 2 1 59 3
1 6
5 57 26 13 33 44
2 7
15 23 97 61 48 1 24
1 4
71 22 47 3
20 8
4 1 95 1 37 38 57 12
3 5
13 80 14 49 18
1 2
10 12
4 4
71 33 44 47
14 2
10 68
1 8
3 34 45 32 60 2 69 90
6 7
98 4 53 1 15 7 47
1 7
38 1 68 29 49 12 50
11 8
79 31 1 30 22 97 42 32
20 6
90 39 61 1 45 35
2 4
28 1 91 18
1 8
1 45 6 65 1 2 22 11
21 7
64 1 2 2 53 54 3
1 3
17 54 5
15 6
4 8 1 14 7 38
13 8
27 2 55 1 66 39 47 1
25 9
10 26 26 81 95 72 26 94 87
5 2
12 10
1 8
71 31 62 6 14 39 2 80
6 8
96 59 16 21 90 2 1 88
11 6
73 62 39 78 1 1
16 1
59
10 7
23 63 73 19 31 38 29
2 7
1 10 1 11 57 3 20
11 8
2 3 50 39 1 3 68 1
1 5
28 64 1 16 21
6 6
7 18 49 23 92 11
8 4
58 31 57 26
20 6
5 10 99 35 44 81
2 5
1 21 7 29 5
11 1
6
18 1
11
2 4
21 73 82 91
1 1
21
1 1
48
1 9
93 2 70 84 51 42 49 16 2
1 4
1 12 65 34
3 4
23 33 1 49
4 2
1 20
1 3
20 91 38
