5
2 1
100 20
200 10
2 2
100 20
200 10
3 2
100 10
100 10
100 10
4 2
9 3
7 1
10 1
8 4
1000 2
4566 82945
66096 10838
79546 76897
20076 59448
44115 79278
99053 20194
54259 36374
15993 79336
48899 61218
60393 6367
49973 47063
25061 15318
25009 12607
68761 43300
7282 7232
92476 73648
16484 60380
54699 51273
39547 1891
25997 12721
7954 1288
84838 60344
24453 415
40921 7382
66601 15266
31238 68311
86751 38607
74579 55116
2526 98166
23514 92509
76758 62919
11141 59859
44010 21239
39428 33109
61128 87467
9619 97280
56408 79335
59548 91849
55819 86831
94052 69989
11912 89283
36716 18624
46725 88160
65909 48186
25728 59526
33681 64151
92807 34041
72090 37289
83617 13979
28989 85873
25531 52639
54746 10633
34571 63049
86907 9527
97317 71296
96806 58717
57983 85536
73887 83397
10689 54690
10484 45224
4606 66371
33520 20580
34468 32871
70638 33010
13040 64574
7573 45971
60112 32362
29800 6147
32262 30219
1217 24651
64781 62179
39487 28489
86591 62245
22054 49300
90287 59133
88002 93830
74595 71005
3627 33348
67835 3170
77667 74181
53551 70577
37997 73880
99921 99656
70005 72750
28243 12678
24735 55393
51252 39300
20255 41718
94623 44792
43441 27087
91408 7619
7989 59582
66208 92641
65050 75605
78194 80394
69119 56841
91507 29097
58974 36805
11163 75319
92036 20234
78001 48698
69495 9889
90755 89302
72977 89829
32763 94100
97346 57106
9828 2639
662 95840
34340 41112
50764 32804
36895 13146
7416 1508
40728 65004
64767 22895
83283 47919
40407 24802
18594 74848
91329 84916
41795 28662
42169 74614
70090 3506
57711 1354
33578 72389
6151 88358
55205 26602
67653 56157
33182 9563
77837 952
52797 4246
41585 61948
75315 77454
16756 66363
46660 74031
92268 93136
40997 83632
29410 9352
75116 23003
64620 99686
39635 90862
37390 85553
38919 90113
53439 23790
22059 37939
69327 64637
37105 95767
89724 79082
25467 5192
36873 5522
73956 20480
46535 31550
40860 64744
97833 24599
95545 88099
76063 87914
94945 416
84730 59852
27887 38160
41683 13816
1427 68542
50960 68880
25036 76488
60065 72339
42078 24930
52122 7913
40313 93346
25291 35614
16860 84152
48642 26323
40774 3982
72313 71154
76654 59923
21535 41768
67487 1274
82683 13409
23503 59508
52239 61452
59444 4868
66805 34902
36211 71107
37904 39940
9128 652
24726 4763
12396 10212
95961 34526
36345 88713
79502 2363
80362 15470
66066 36137
38219 94240
26261 85237
63554 98032
4451 19748
38427 80125
86148 47684
86890 48603
94758 87140
69166 79875
31529 47717
74030 6041
9721 97372
5120 2104
1191 44936
52200 22969
56807 91506
57404 47971
60819 16055
7018 45976
42520 51775
56228 9787
96510 77809
61072 51419
65257 68567
55510 34752
57775 65875
87941 46361
96929 98158
80296 17481
27127 23431
7496 47508
35753 67839
25747 95311
78055 27067
32974 99182
90875 55432
9086 25700
64256 59309
92029 37765
38210 7918
72089 3717
84469 51062
62660 98987
41071 49411
38413 71107
15578 44906
72709 57191
50208 84689
56402 61193
83100 93981
12179 93519
30411 23853
85765 63187
73759 15272
91145 12132
25881 51952
44427 10617
43443 58380
8803 25207
78360 31080
41401 81793
83782 77478
4548 60470
75094 77215
38145 57042
31540 4295
44867 61356
40454 11329
82578 51790
77803 55901
68948 15139
2186 66762
7115 3001
8146 29612
97769 50306
46565 32250
20702 50981
71944 58789
12164 31304
58403 46374
35937 113
12803 51374
63187 96208
42158 97207
79760 34719
27548 88354
84705 50870
7461 47868
98382 16496
9308 84058
37309 91161
51508 43916
16473 39987
61582 62382
11972 88458
21483 3479
28244 99321
69381 37725
10539 8553
16058 32648
56137 30991
87761 51448
47834 45429
53863 67553
78768 93286
51137 37445
96459 17895
67629 38382
27734 7454
92614 88358
54474 29622
91742 32879
91381 5768
29316 39501
20802 46896
38940 74291
83340 97814
8616 35744
97540 84567
53125 13735
62872 20031
58856 90129
2300 70881
48375 42183
57821 21856
52020 72324
79926 86511
16854 62033
25962 86500
50335 19821
75409 8274
43628 89380
39153 89839
55777 15951
43286 11683
76929 26355
81174 9976
86217 99144
83168 11530
81022 86581
54840 30203
7471 60137
11880 21357
32087 88987
83580 38139
53885 83193
18690 35189
60843 33016
60118 73871
61013 21195
19538 2485
34740 47561
72324 78572
50032 44513
27545 85220
45515 70935
5476 93424
80531 46988
63884 61098
44754 84277
48495 31059
45547 91129
22080 69852
45904 82827
67400 13207
38731 87829
13381 77881
37233 5011
9415 46324
92927 23338
78731 96412
58353 78294
49475 67636
57449 35367
93023 55264
80343 45816
6762 51489
64660 50236
95961 99585
92563 48783
51914 94359
44199 60327
51736 90407
99372 18313
44902 20828
24092 98455
25599 87175
49040 45179
68458 71392
54227 55530
29778 97283
32272 35539
27828 81865
36081 16417
96531 90601
33470 55794
65521 7640
30731 73201
61348 31077
41929 76813
12787 69785
74741 5537
26918 87759
42305 20235
96624 62745
88443 57419
63623 86896
2519 42107
74051 47978
51479 22359
50040 86248
43906 58363
37217 83893
87234 19441
43106 82135
42710 31345
74977 8541
73036 93801
93872 9523
59071 70224
26099 70008
17869 12650
7394 98347
20711 96438
8603 8442
14414 38717
85791 38261
71292 30044
66315 96283
44263 88784
5503 13736
89178 28215
70544 83801
80262 33972
715 78668
76264 81449
36552 86445
79790 43366
99588 17703
98290 61665
21365 7332
45930 96941
3334 64919
41917 17889
75011 2004
53924 69049
32519 63909
44508 6476
71968 42974
36657 78827
66709 3100
96260 8223
31850 67629
94800 67673
86103 3063
27512 83742
27281 12648
41600 80338
65854 88270
38812 70975
41341 63902
46446 3262
72198 94740
13362 44859
11645 56098
30684 38288
16762 20300
21630 27019
86698 58390
24611 53468
25042 3191
45854 21021
50539 2366
42742 66947
25248 36002
53914 82624
13008 13475
8526 68270
56237 46657
28333 11640
5937 53931
25228 1814
90497 16911
23173 4733
691 71934
37113 28230
70048 70926
10672 57875
70387 93438
32395 741
59918 78578
54531 70800
76072 78208
61334 5130
35038 45779
35104 8757
77996 85612
28834 91431
15148 10641
79301 14827
88821 12257
83516 55746
97160 22009
72518 15668
17606 1718
8805 16869
33047 81334
67873 78184
52675 82550
30952 8890
715 89210
67701 88619
26541 46181
8511 55785
81973 17217
98921 95642
76755 61964
31373 86640
399 27217
98524 40945
96077 41620
34875 64952
24784 62097
52142 73501
55616 69218
75382 74412
87128 43511
11367 8011
56944 39856
71701 78211
27721 94336
73592 37480
68054 19021
28477 63800
47181 16186
53605 59772
39548 24060
20688 4358
22816 8025
84193 3993
49261 19905
74793 40596
16018 42615
9559 8436
49364 44935
83712 28024
40561 42951
94263 57905
53883 36185
59008 60250
66849 54550
10947 89505
87517 25693
43036 4639
43820 9728
58537 33901
24900 96134
28557 75304
64116 63272
15032 62853
17042 33776
79079 70498
87057 29418
23647 66694
96674 41624
26415 29748
34378 91043
89753 96623
65965 64481
2631 42339
27721 90821
13827 34152
39495 74033
81853 14376
79090 53358
54846 81474
6077 96785
39644 35659
36691 73831
82725 91665
85266 656
19018 41230
54148 11648
59584 93411
38024 69882
80839 94572
75646 31658
28360 65916
5876 36417
20549 57544
21636 16488
89935 49884
14467 33591
76146 58991
5676 22071
33326 16513
13924 42981
91930 45638
7875 85010
54748 66831
69893 52122
90991 48533
14203 70041
10615 28866
4011 65003
49314 35167
4849 94413
82541 53452
67784 40563
51544 7633
1485 17067
55588 84074
13338 79379
42515 12303
29787 18273
60862 59450
10131 84148
96281 56964
8265 53478
62510 91183
28553 49642
44605 18488
74477 90105
83493 32660
80119 2466
31237 10368
64157 31314
79666 92004
35041 59635
97368 82740
51435 86015
35592 41435
56691 62959
75152 8680
97796 9668
56533 71824
22344 94441
3188 20137
89656 81719
32382 8637
20213 87121
75875 73332
13885 26306
23264 53981
5674 7727
11519 44495
92 39695
82174 98510
25601 49157
86831 27261
42767 33788
2112 51419
98975 46565
9122 65108
66009 56996
43070 58411
95104 86098
70269 6641
80548 89686
6652 25688
95567 21093
46663 29647
32868 10933
14896 5602
94386 9599
15543 66493
44548 47131
97558 90168
63260 8230
94831 42154
37446 39424
73724 2002
6552 22489
48072 81382
83203 79795
60036 20677
1150 18668
64478 39374
73881 4809
77706 88142
37924 17594
97140 15716
20879 7959
7572 58511
49578 7115
95000 79535
22023 79314
60718 22619
97324 92663
18617 84823
70971 54259
58620 73664
97478 64678
59715 1224
81350 80419
20343 85163
95527 97294
34207 6442
12034 39049
71077 28866
75486 79792
55307 85898
46587 93762
73515 68513
6677 7302
14203 65716
65361 37829
43049 9237
66240 22893
28257 73112
99770 50068
16750 32949
24622 98753
72764 91149
12313 57338
68301 74867
7351 17346
36782 73515
88051 9235
55345 94283
40335 28787
82931 11135
12341 21466
85718 54180
3860 15448
41079 18498
74738 41212
37403 93319
13156 39806
72469 81826
4728 77008
42958 48239
71356 32208
69389 24475
69408 79662
52061 4003
46299 36796
47647 4462
22896 22071
37644 72518
37400 23983
46595 49556
59664 23077
36887 36968
67432 9752
59899 96426
81933 64887
13965 47664
34548 80214
55287 52135
74686 18413
32826 30478
86315 81631
22154 61659
88964 92432
24606 41349
41458 9949
71735 29807
6229 64720
61006 9853
63960 13355
71406 63682
33267 32562
87742 9685
74905 18265
96880 23182
77992 8390
93448 30121
15690 81799
80596 3758
56326 24961
477 43030
9983 19412
29970 51980
64035 86451
32382 53317
3872 29487
7595 51820
90451 25991
6668 99119
21026 71444
91367 26039
98693 55213
209 15604
40723 93421
63432 52192
7828 15712
90547 71944
33578 86555
97475 64098
42219 63332
68606 98298
95083 83674
77460 81072
81370 67692
18052 28988
83543 30779
41342 36183
74377 7650
22117 99778
11533 59744
79986 76825
28924 79998
68282 70191
77094 44861
57378 12426
33208 68818
17430 29311
89495 39461
64600 57975
90066 44157
28280 132
64113 65739
29576 40422
89496 76301
73339 43042
54437 20227
52371 26061
10917 73508
3142 57187
21172 63538
84752 27140
81414 45755
15075 31064
65583 9941
49484 97985
66026 18279
57719 56652
77957 94796
92585 17349
84856 10880
99157 10821
48966 76139
46021 52564
67829 44927
1963 48461
95404 6518
48800 30358
96469 22060
72414 93839
1868 28423
54100 76884
84618 33943
62289 71335
93499 13586
78182 27052
11905 98653
11179 95561
87812 30698
88407 18872
58788 29678
39937 35539
17832 77362
14802 10417
37826 30744
53541 18173
23615 30078
40261 987
49583 42046
54888 22708
66800 89823
70082 21524
75284 1730
16491 34644
51053 83559
85164 75897
56522 95630
87509 72880
38514 56505
19856 11265
76803 7878
52486 96856
84372 61693
20494 27610
34866 58945
81345 81126
24811 82399
14228 80129
19729 49593
78977 31738
9124 19169
66038 67513
1146 26934
33731 85721
98120 4106
13848 48731
90529 20987
82622 49289
7748 18096
81539 64089
19906 10622
74630 48042
84893 96186
97606 78423
57669 28044
80668 73316
85455 92422
37952 21232
62 83445
41593 82047
21512 3550
78364 26472
35796 18100
70231 95953
31644 29326
30041 93952
10617 98091
81136 27024
73380 83104
26632 55283
15095 7328
96673 569
24612 47386
553 87984
5998 76339
17927 78077
72210 8959
36658 83066
81076 27216
85329 99320
76846 36425
36227 41374
77798 88446
64892 76962
23967 59084
86355 6367
45326 84207
41090 67336
77159 25183
4104 49197
81741 47775
14290 720
15813 94532
51110 48824
53814 24538
67067 13200
46976 56287
54316 95345
69690 97757
30826 41152
78686 35302
99190 20086
82189 73633
3796 16847
36805 5568
6851 37484
43076 88002
73271 23739
53812 5234
86069 87310
96426 98117
15590 34363
23430 10936
26042 15019
89798 11942
51173 95664
48720 3481
71502 40852
5015 70846
86072 93713
635 12849
25025 93789
16163 65014
78072 66808
81591 4922
87117 41846
69626 58982
30566 26988
86182 78641
60025 18833
51664 2359
98908 73900
67457 16910
5655 2394
28544 38858
19933 50027
56492 49737
64923 89013
26257 69900
50918 65231
8897 68749
25001 80885
93400 53750
94027 60497
89064 16264
81888 87544
54590 13000
30500 94941
8562 94907
56226 69440
53289 56450
75125 26668
95947 24586
91251 96363
8264 62524
92555 11253
36952 85695
70267 66851
33654 14941
52512 88833
40807 86125
49602 60115
61684 49018
82964 47381
86957 47579
29207 88766
97854 2337
87595 66109
31614 60473
22748 56156
44538 31460
85940 79036