100
2 1
100 20
200 10
2 2
100 20
200 10
3 2
100 10
100 10
100 10
4 2
9 3
7 1
10 1
8 4
3 1
237103 20
21800 2253
27591 2756
5 3
3999 366941
18527 55
3717 392624
3749 371736
11957 97
6 2
219234 353669
528153 824869
323742 11847
363468 327898
584542 475064
408325 259882
6 4
94772 170478
937916 17226
34916 462726
137256 117711
329208 49077
65016 248501
10 7
134197 417468
203031 275933
176547 317326
505878 110744
661030 84751
57442 975296
188931 296526
304005 184283
76345 733813
445819 125663
6 3
815756 265953
624272 834505
890009 298152
238144 228807
601561 345000
753108 923948
6 4
9982 692172
33852 204102
67704 102051
254541 27144
317492 21762
10353 667368
5 1
23315 2527
23187 2798
262517 91
264590 51
24113 2523
9 6
17568 91
16543 22
3709 379938
3555 320289
3178 331284
3469 325802
3003 321415
3959 374427
3660 372034
5 2
3691 352074
12487 28
3840 376559
12547 93
3938 331006
4 3
34408 286713
901098 10948
19803 498168
373626 26404
6 2
543221 156754
213161 399473
220067 386937
641674 132703
128913 660539
267132 318764
8 5
22274 936468
26187 796536
37674 553668
292744 71253
322973 64584
72036 289562
229448 90909
138417 150696
10 7
260305 51
24101 2177
24892 2787
214896 81
26796 2166
26702 2433
21798 2188
23661 2683
299649 37
28395 2346
3 1
10576 40
3768 357924
3328 351758
4 2
77627 539740
166789 251206
250590 167199
245962 170345
4 3
424681 494847
220473 127569
740671 862226
274308 645119
6 1
236681 82
226552 40
23695 2997
25162 2604
27894 2245
22257 2760
6 3
436132 49314
261536 82235
159135 135152
166074 129505
88345 243448
295903 72684
5 3
45288 160797
174344 41769
24738 294372
40052 181818
79254 91884
7 5
12596 96
3471 395834
3396 317018
3389 360303
3126 321693
19314 36
3269 317840
2 1
143609 493563
713210 82060
2 1
956556 949282
569522 905039
7 4
3394 397933
3891 329145
3794 395936
13757 3
11810 100
3497 312082
3196 333605
7 3
213303 26
29650 2819
291313 56
23030 2079
26551 2445
26319 2685
21765 2066
8 5
89811 816067
842725 86970
963301 76084
135803 539692
384145 190792
117992 621159
671367 109168
145182 504827
8 3
875123 52752
850535 54277
104915 440018
369443 124957
79175 583069
52197 884428
104327 442498
312188 147874
5 1
883855 152621
851521 917794
95316 514376
904537 210820
278416 351616
4 1
26367 2123
20242 2101
260285 90
24969 2201
6 3
21571 2893
22369 2125
24388 2669
27455 2646
272035 97
257812 81
9 5
135081 490403
321339 474764
10683 200569
105029 740829
731861 661770
138344 666464
432397 77211
729382 214268
388151 222468
10 4
17013 22
3980 394954
3995 382539
3256 378515
14009 78
3545 341916
16239 55
3337 373768
3962 361776
3867 380741
5 3
26446 2055
25996 2897
271597 21
24460 2839
282746 81
8 5
82584 156009
33966 379316
89838 143412
22644 568974
13209 975384
18972 679098
392274 32844
42228 305102
2 2
434214 12236
382536 13889
6 1
1556 899703
88134 463061
784865 532089
129342 875300
135114 720907
538039 355239
3 2
156914 479052
165165 677644
956941 263862
8 3
489002 482295
516230 111204
360255 554274
832298 526361
666308 232657
989734 137440
256569 184017
37279 668275
7 1
220165 69
28035 2965
22139 2380
29904 2834
26997 2114
239952 12
25474 2880
2 1
3425 382338
11190 35
9 5
195693 248472
78948 615902
54094 898884
87822 553668
154734 314244
601398 80852
87986 552636
190404 255374
730269 66584
6 1
265929 214893
388135 147233
827907 69025
213195 268047
74435 767734
344955 165663
10 4
3758 366588
10371 29
3734 396570
16275 45
3158 382496
3525 355653
3341 351078
3079 312964
3282 375085
17003 40
10 3
28519 2985
20419 2081
26992 2939
284338 100
22113 2392
220082 90
200011 96
27848 2591
29306 2575
28119 2767
7 1
3225 370002
3710 352874
19892 73
3638 327801
15744 81
3984 366582
3536 311707
10 10
1000000 1000000
1000000 1000000
1000000 1000000
1000000 1000000
1000000 1000000
1000000 1000000
1000000 1000000
1000000 1000000
1000000 1000000
1000000 1000000
6 4
921920 87845
126098 642247
451528 179360
957599 84572
286272 282899
668958 121063
2 2
626076 6734
72072 58497
3 2
282316 49
29226 2845
27454 2795
2 1
18362 86
3897 332325
3 2
7812 874038
32984 207009
251658 27132
8 6
3031 343574
3259 378469
3154 340163
15953 77
11456 9
3426 389798
3687 378914
3844 317824
8 2
29709 2025
26465 2880
22494 2187
278863 60
22129 2062
202921 76
26500 2810
20354 2009
6 1
385214 251687
167097 580222
103897 933168
228081 425083
736185 131697
201570 480991
2 2
493812 22386
120744 91553
4 1
300600 309614
649748 925404
116812 457176
284255 72500
8 3
3183 350404
3597 300825
3099 339638
3211 379629
10258 3
3771 359500
3741 350071
19000 89
2 2
28728 181753
738738 7068
3 2
21096 2442
236021 93
29001 2706
10 6
77412 817302
363757 173932
228412 276995
91815 689092
118169 535411
401206 157697
309720 204278
847871 74621
385683 164044
260043 243302
3 1
644365 136938
810304 108895
392028 225081
2 1
27258 2529
267678 5
10 3
24120 2397
270471 91
27431 2667
209996 21
29987 2074
201258 36
25456 2827
28358 2286
26955 2473
29579 2544
8 6
12314 61
3209 349851
3862 322495
3001 375663
12805 86
3279 375854
3748 326992
3903 365656
7 1
142830 173963
122492 202847
37364 665002
712667 34865
837083 29683
394637 62962
92849 267608
2 1
212290 84
24076 2589
3 1
824861 890202
626415 795784
690572 169932
3 2
12552 82
3150 377310
3532 349166
8 3
694553 210885
971109 549618
835090 425969
398034 3841
581349 434217
153347 929472
847226 453198
535432 918942
9 5
773428 107412
214160 387913
120417 689898
556959 149159
356000 233358
107138 775406
120210 691086
357240 232548
94491 879189
4 3
21896 467883
796824 12857
167958 60996
44268 231426
3 1
363992 199675
110059 660374
931426 78031
10 6
6612 730422
174933 27608
358701 13464
349866 13804
46872 103037
56202 85932
8932 540702
12122 398412
8778 550188
320943 15048
2 2
358701 61272
25172 873126
9 2
3437 377700
12437 19
3164 362591
16750 13
3032 390790
3218 331727
3672 341636
3027 311258
3370 395534
6 1
91205 711522
364217 178175
632548 102592
83577 776462
67067 967605
65296 993849
10 2
298819 208213
353052 176229
364014 170922
797360 78030
365247 170345
218413 284864
547766 113585
80466 773221
922117 67473
252856 246061
4 3
822636 924875
381368 973113
464645 110480
323235 517349
6 4
26796 166842
18018 248124
93496 47817
18414 242788
109802 40716
10764 415338
4 2
47455 610782
88895 326055
783348 37001
134771 215066
6 4
21758 445284
13547 715176
238392 40641
658812 14706
63756 151962
15732 615846
8 6
986663 915746
536158 741408
119446 33509
198738 353502
47302 645936
103474 31490
867089 946432
888213 681388
10 6
18574 41
3527 301781
3239 300209
3019 300315
11129 53
3388 359698
3041 374678
3862 306408
3007 395413
13446 92
6 4
19684 841818
983812 16843
29823 555623
271267 61085
472844 35044
644184 25723
6 3
236876 105681
172683 763079
80580 265786
673691 688798
631582 589094
666882 82681
1 1
1 1
5 3
579462 10332
238602 25092
16422 364572
81016 73899
26486 226044
7 4
436195 520111
645799 932682
20786 241146
185229 277697
852687 702018
249495 963331
140741 771380
6 4
94772 237762
168606 133644
830502 27132
34314 656676
75924 296786
426474 52836
4 1
24709 2239
222818 67
27439 2704
29510 2418
2 1
594144 482568
110400 41302
7 2
13857 16
10360 27
3119 331592
3219 350488
3082 335343
3580 329157
3547 349541
2 1
3177 332125
17772 84
8 2
25888 2953
26138 2334
22102 2959
24256 2962
227375 79
27804 2140
236867 4
24417 2277
9 2
327187 245943
847724 94924
738956 108896
716168 112361
983156 81848
134110 600025
147979 543789
291929 275647
97118 828573
2 1
579617 776160
226019 101049
