100
2 2
0.50 0.50
4 2
0.00 0.00 1.00 1.00
3 2
0.50 0.75 1.00
16 6
0.49 0.50 0.49 0.50 0.49 0.50 0.49 0.50 0.49 0.50 0.50 0.49 0.50 0.49 0.50 0.50
16 10
0.12 0.17 0.74 0.20 0.76 0.91 0.90 0.92 0.57 0.11 0.75 0.13 0.05 0.57 0.73 0.96
4 2
1.00 0.02 0.00 0.00
16 6
0.54 0.55 0.31 0.60 0.42 0.68 0.81 0.75 0.47 0.79 0.53 0.59 0.55 0.34 0.43 0.30
8 4
1.00 1.00 1.00 0.00 1.00 1.00 1.00 0.00
3 2
0.50 0.50 0.50
16 14
0.37 0.66 0.61 0.53 0.33 0.33 0.35 0.40 0.38 0.47 0.40 0.46 0.34 0.52 0.64 0.54
16 10
0.51 0.50 0.49 0.51 0.49 0.50 0.50 0.49 0.51 0.51 0.51 0.50 0.51 0.49 0.50 0.49
3 2
1.00 0.00 0.00
4 2
0.01 0.99 0.01 0.98
16 10
0.70 0.05 0.00 0.03 0.05 0.01 0.00 0.61 0.60 0.06 0.00 0.05 0.10 0.70 0.04 0.02
3 2
0.50 0.40 0.60
16 12
0.00 0.10 0.06 0.64 0.03 0.04 0.61 0.68 0.04 0.06 0.10 0.00 0.08 0.64 0.07 0.09
16 6
0.41 0.52 0.39 0.44 0.35 0.46 0.54 0.61 0.43 0.59 0.43 0.55 0.69 0.68 0.50 0.56
16 2
0.98 0.99 1.00 1.00 1.00 0.99 1.00 0.99 0.98 0.98 0.98 0.98 0.98 1.00 1.00 0.99
16 4
0.65 0.05 0.10 0.69 0.68 0.06 0.64 0.68 0.60 0.68 0.61 0.01 0.67 0.63 0.70 0.67
8 4
1.00 1.00 1.00 1.00 1.00 1.00 1.00 1.00
12 4
0.11 0.61 0.57 0.75 0.11 0.55 0.33 0.54 0.16 0.44 0.34 0.38
16 10
0.52 0.48 0.53 0.51 0.54 0.56 0.48 0.55 0.48 0.47 0.49 0.53 0.54 0.56 0.51 0.56
2 2
1.00 1.00
3 2
0.10 0.80 0.50
16 8
0.79 0.01 0.01 0.00 0.02 0.02 0.97 0.50 0.02 0.85 0.58 0.80 0.02 0.02 0.81 0.53
16 8
0.63 0.64 0.68 0.03 0.04 0.64 0.67 0.61 0.08 0.05 0.61 0.60 0.68 0.66 0.66 0.69
16 8
0.36 0.32 0.41 0.38 1.00 1.00 1.00 0.48 0.01 0.99 0.99 0.19 0.99 0.98 0.44 1.00
2 2
0.50 0.00
16 8
0.60 0.09 0.64 0.01 0.02 0.00 0.04 0.61 0.03 0.01 0.04 0.05 0.00 0.07 0.08 0.66
16 10
0.54 0.72 0.32 0.37 0.51 0.45 0.77 0.69 0.46 0.52 0.59 0.40 0.57 0.61 0.66 0.65
16 6
0.61 0.39 0.63 0.17 0.92 0.31 0.16 0.84 0.70 0.73 0.75 0.90 0.73 0.91 0.79 0.89
8 6
1.00 1.00 1.00 1.00 1.00 1.00 1.00 1.00
16 8
0.08 0.24 0.07 0.05 0.03 0.03 0.54 0.02 0.09 0.98 0.08 0.72 0.43 0.32 0.04 0.26
16 2
0.01 0.00 0.00 0.02 0.02 0.01 0.00 0.02 0.02 0.02 0.01 0.02 0.02 0.00 0.01 0.01
8 6
1.00 1.00 0.00 1.00 1.00 1.00 1.00 0.00
16 6
0.60 0.01 0.68 0.64 0.00 0.07 0.64 0.01 0.64 0.70 0.63 0.65 0.61 0.63 0.62 0.66
16 14
0.65 0.62 0.67 0.62 0.01 0.64 0.65 0.69 0.68 0.64 0.05 0.09 0.65 0.01 0.65 0.63
16 6
0.54 0.59 0.30 0.42 0.75 0.79 0.43 0.47 0.68 0.55 0.31 0.55 0.35 0.53 0.81 0.60
16 8
0.93 0.98 1.00 1.00 0.83 0.75 0.61 0.98 0.99 0.99 0.99 0.54 0.54 0.98 0.76 1.00
16 8
0.08 0.49 0.83 0.01 0.02 0.95 0.03 0.01 0.00 0.83 0.70 0.01 0.15 0.02 0.03 0.33
16 6
0.51 0.50 0.50 0.50 0.49 0.49 0.49 0.50 0.49 0.50 0.50 0.49 0.50 0.50 0.49 0.49
16 10
0.01 0.61 0.67 0.07 0.68 0.68 0.01 0.08 0.64 0.60 0.68 0.65 0.62 0.60 0.69 0.64
16 10
0.02 0.00 0.01 0.00 0.00 0.01 0.01 0.01 0.00 0.00 0.01 0.00 0.02 0.01 0.02 0.00
4 2
0.00 0.02 0.00 0.00
8 2
0.00 1.00 1.00 0.00 0.00 1.00 1.00 1.00
16 2
0.08 0.58 0.63 0.79 0.15 0.87 0.14 0.81 0.67 0.63 0.06 0.33 0.69 0.13 0.06 0.47
4 2
0.00 0.00 1.00 0.00
16 6
0.08 0.10 0.69 0.68 0.04 0.08 0.00 0.09 0.06 0.01 0.00 0.03 0.08 0.02 0.69 0.68
4 2
1.00 1.00 1.00 0.00
16 10
0.98 1.00 0.99 0.99 0.98 0.99 1.00 1.00 0.98 0.99 1.00 0.98 0.99 0.99 1.00 0.99
8 4
1.00 1.00 0.00 1.00 1.00 1.00 0.00 0.00
16 8
0.52 0.43 0.51 0.42 0.47 0.52 0.42 0.45 0.42 0.51 0.43 0.42 0.52 0.47 0.50 0.43
12 6
0.24 0.40 0.95 0.26 0.39 0.91 0.89 0.98 0.71 0.41 0.12 0.98
16 6
0.49 0.50 0.50 0.50 0.49 0.51 0.51 0.49 0.51 0.50 0.49 0.50 0.50 0.51 0.49 0.50
3 2
0.30 0.50 0.80
16 8
0.91 0.09 0.09 0.02 0.04 0.94 0.93 1.00 0.07 0.95 0.08 0.03 0.95 0.90 0.97 0.05
2 2
0.00 0.00
16 10
0.37 0.45 0.40 0.57 0.59 0.69 0.65 0.77 0.72 0.66 0.32 0.61 0.51 0.54 0.46 0.51
16 14
0.85 0.14 0.34 0.26 0.65 0.48 0.73 0.56 0.96 0.28 0.56 0.05 0.93 0.86 0.61 0.70
4 4
0.00 0.00 1.00 1.00
4 2
0.00 0.00 0.00 0.00
16 8
0.00 0.02 0.09 0.00 0.00 0.46 0.16 0.02 0.02 0.42 0.01 0.01 0.02 0.21 0.15 0.13
16 8
0.99 0.17 0.42 1.00 0.21 0.98 0.13 0.98 0.04 0.08 1.00 0.99 1.00 0.08 1.00 0.38
16 12
0.67 0.07 0.62 0.60 0.03 0.08 0.68 0.70 0.63 0.62 0.10 0.62 0.62 0.66 0.63 0.64
16 14
0.01 0.02 0.01 0.00 0.02 0.02 0.01 0.02 0.00 0.01 0.01 0.02 0.02 0.01 0.02 0.00
8 4
0.00 0.00 1.00 1.00 0.00 1.00 0.00 1.00
16 8
0.99 0.98 0.99 0.98 0.98 0.82 0.57 0.93 0.99 0.79 0.93 0.73 0.99 0.89 0.75 1.00
16 2
0.60 0.04 0.02 0.67 0.10 0.08 0.69 0.05 0.62 0.05 0.07 0.02 0.03 0.06 0.06 0.00
16 14
0.68 0.04 0.04 0.00 0.07 0.04 0.07 0.05 0.04 0.63 0.06 0.70 0.09 0.08 0.00 0.63
4 4
0.01 0.01 0.98 0.99
2 2
1.00 0.00
8 6
1.00 0.00 0.00 1.00 0.00 0.00 1.00 1.00
16 2
0.51 0.50 0.50 0.50 0.50 0.50 0.50 0.49 0.51 0.49 0.50 0.49 0.51 0.51 0.51 0.50
16 8
0.68 0.69 0.04 0.02 0.94 0.05 0.08 0.02 0.18 0.00 0.78 0.03 0.09 0.11 0.08 0.04
16 8
0.06 0.09 0.99 1.00 0.94 0.92 0.04 0.02 0.05 0.06 0.96 0.95 0.97 0.07 1.00 0.06
16 8
0.00 0.48 0.02 0.22 0.02 0.02 0.02 0.00 0.07 0.25 0.00 0.50 0.39 0.02 0.43 0.44
8 6
1.00 0.00 1.00 1.00 1.00 1.00 1.00 1.00
16 10
0.45 0.36 0.56 0.51 0.67 0.67 0.61 0.34 0.58 0.48 0.45 0.52 0.49 0.38 0.60 0.69
8 2
0.00 1.00 1.00 1.00 1.00 1.00 1.00 1.00
2 2
0.05 0.45
16 10
0.53 0.51 0.54 0.55 0.50 0.51 0.56 0.52 0.48 0.53 0.54 0.47 0.48 0.56 0.48 0.56
16 2
0.63 0.70 0.62 0.70 0.05 0.70 0.02 0.67 0.63 0.10 0.66 0.67 0.09 0.64 0.69 0.61
8 2
1.00 1.00 1.00 1.00 0.00 0.00 1.00 1.00
8 6
0.00 1.00 1.00 1.00 1.00 0.00 0.00 1.00
8 2
1.00 1.00 1.00 1.00 1.00 1.00 1.00 1.00
16 8
0.42 0.50 0.52 0.47 0.45 0.41 0.47 0.51 0.43 0.43 0.42 0.43 0.52 0.42 0.51 0.52
4 2
1.00 1.00 0.98 0.00
4 4
0.50 0.50 0.50 0.50
8 4
1.00 0.00 1.00 1.00 1.00 1.00 1.00 1.00
16 8
0.01 0.97 0.66 0.00 0.00 0.54 0.01 0.88 0.73 0.71 0.02 0.01 0.02 0.83 0.00 0.84
3 2
0.04 0.02 0.01
16 6
0.01 0.02 0.02 0.00 0.02 0.01 0.02 0.02 0.01 0.00 0.01 0.01 0.00 0.01 0.00 0.01
16 14
0.99 0.98 0.99 0.98 0.99 0.98 1.00 0.98 0.99 0.99 0.99 1.00 0.99 0.99 0.98 1.00
16 4
0.01 0.03 0.63 0.03 0.60 0.07 0.66 0.05 0.03 0.01 0.08 0.10 0.66 0.05 0.00 0.03
16 2
0.41 0.68 0.65 0.63 0.35 0.69 0.49 0.46 0.48 0.68 0.53 0.46 0.60 0.59 0.68 0.44
16 6
0.98 0.99 1.00 1.00 0.99 0.99 1.00 0.99 0.99 0.99 0.99 0.99 0.98 0.99 1.00 1.00
16 8
0.94 0.99 0.02 0.96 0.06 0.08 0.97 1.00 0.05 0.10 0.08 0.00 0.97 0.91 0.99 0.01
8 2
0.00 0.00 1.00 0.00 1.00 1.00 0.00 1.00
12 4
0.61 0.58 0.36 0.03 0.23 0.76 0.73 0.50 0.81 0.27 0.02 0.18
16 14
0.50 0.49 0.51 0.49 0.50 0.50 0.51 0.51 0.51 0.51 0.49 0.51 0.50 0.51 0.49 0.50
